{
    "bin_ranges": {
        "m3pi_lower_limit": 2.34,
        "m3pi_upper_limit": 2.38,
        "t_lower_limit": 0.326,
        "t_upper_limit": 1
    },
    "info": "The dalitz matrix M is computed as sqrt(-Kibble) * (A[1]-A[2])",
    "bin_centers": [
        0.29900000000000004,
        0.33999999999999997,
        0.38,
        0.42000000000000004,
        0.45999999999999996,
        0.5,
        0.54,
        0.5800000000000001,
        0.62,
        0.66,
        0.69,
        0.71,
        0.73,
        0.75,
        0.77,
        0.79,
        0.81,
        0.83,
        0.85,
        0.87,
        0.89,
        0.91,
        0.94,
        0.98,
        1.02,
        1.06,
        1.1,
        1.1400000000000001,
        1.18,
        1.22,
        1.26,
        1.3,
        1.34,
        1.38,
        1.42,
        1.46,
        1.5,
        1.54,
        1.58,
        1.62,
        1.66,
        1.7,
        1.74,
        1.78,
        1.82,
        1.8599999999999999,
        1.9,
        1.94,
        1.98,
        2.02,
        2.06,
        2.1,
        2.14,
        2.18,
        2.22
    ],
    "real(M)": [
        [
            0,
            0,
            0,
            0,
            0,
            0,
            0,
            0,
            0,
            0,
            0,
            0,
            0,
            0,
            0,
            0,
            0,
            0,
            0,
            0,
            0,
            0,
            0,
            0,
            0,
            0,
            0,
            0,
            0,
            0,
            0,
            0,
            0,
            3.7268326352652474,
            24.617337103884548,
            16.270672628635396,
            5.6600272656476465,
            -21.655144503653116,
            -29.928143216812824,
            -79.21727102395865,
            -49.92551026022243,
            -57.5021399551798,
            108.1190220905949,
            66.43630047392318,
            58.042374261948716,
            -7.661132225162975,
            -9.515402796942272,
            0,
            0,
            0,
            0,
            0,
            0,
            0,
            0
        ],
        [
            0,
            0,
            0,
            0,
            0,
            0,
            0,
            0,
            0,
            0,
            0,
            0,
            0,
            0,
            0,
            0,
            0,
            0,
            0,
            0,
            0,
            0,
            0,
            0,
            0,
            0,
            0,
            -159.19724483629534,
            -267.0259424782378,
            -333.19556603895495,
            -352.6551590101501,
            -433.9528605229496,
            -391.5135334654039,
            -453.46829878880214,
            -427.3274945140079,
            -475.5046398874561,
            -517.3458268991642,
            -584.5386106660492,
            -608.3844414463522,
            -704.1538251482644,
            -651.46327991778,
            -663.6542967120162,
            -349.09545316650747,
            -410.84002454796973,
            -402.11504129281064,
            -516.3819807303661,
            -496.5848673382393,
            -495.31657100830034,
            -425.2039896157618,
            -391.2904706612561,
            -185.96785824786954,
            0,
            0,
            0,
            0
        ],
        [
            0,
            0,
            0,
            0,
            0,
            0,
            0,
            0,
            0,
            0,
            0,
            0,
            0,
            0,
            0,
            0,
            0,
            0,
            0,
            0,
            0,
            0,
            0,
            -60.71007466519683,
            -69.32868088656545,
            -123.8984583244352,
            -66.88113503506771,
            -106.3346186675366,
            -193.36339771240108,
            -220.80917340174176,
            -188.89638873072084,
            -264.28720507048325,
            -162.77990364017413,
            -220.2910584139613,
            -158.14831512167274,
            -203.63987407262434,
            -243.2787097422833,
            -319.88426753740725,
            -341.52355247492767,
            -462.2936652056667,
            -389.99446259170776,
            -408.133342351903,
            3.2229462292874875,
            -89.23323911942607,
            -93.2130615434913,
            -271.96807266731156,
            -279.0098393135833,
            -326.55864075486323,
            -295.2940145774075,
            -367.4043018545045,
            -265.56321779887725,
            -189.39884296914147,
            0,
            0,
            0
        ],
        [
            0,
            0,
            0,
            0,
            0,
            0,
            0,
            0,
            0,
            0,
            0,
            0,
            0,
            0,
            0,
            0,
            0,
            0,
            0,
            0.5573737145768322,
            -30.369120168964862,
            31.884948440650255,
            0.4372131827971687,
            -23.99815815868768,
            27.31639518035015,
            -25.265842839255686,
            86.63593235355535,
            50.150080082676816,
            -49.351659138494036,
            -67.87238354435073,
            -11.412363905135999,
            -94.31848306903898,
            45.002818673606846,
            -17.247184269470015,
            67.8925089108612,
            18.747501132461082,
            -23.93934361225485,
            -112.54389139593007,
            -135.23430949512652,
            -279.4318775909601,
            -191.046623243276,
            -213.93445851833243,
            282.0329942920425,
            165.97352378863656,
            155.3625798345783,
            -71.53642421440493,
            -92.18389357409643,
            -167.44314308440892,
            -149.8666649652274,
            -274.32139054516233,
            -184.85849018311833,
            -152.01759182904314,
            -66.07892553459918,
            0,
            0
        ],
        [
            0,
            0,
            0,
            0,
            0,
            0,
            0,
            0,
            0,
            0,
            0,
            0,
            0,
            0,
            4.640430554580761,
            -6.5437576068786925,
            66.66988131316845,
            222.78660894911104,
            211.70601317817653,
            244.84344447991367,
            209.15984439652198,
            341.85340847419207,
            319.01796143136175,
            320.9867982784961,
            422.7875538378028,
            383.9629304840981,
            552.0912428377411,
            530.4686788664321,
            431.8123684159606,
            431.4196853647759,
            519.0434716412867,
            438.5483003850288,
            619.6295585434957,
            560.5756414988628,
            672.8578710533726,
            626.0013745985744,
            585.1147486773172,
            489.13286533688074,
            467.8511954435582,
            303.596455573292,
            406.49076896569665,
            377.87535476576534,
            947.3262782847731,
            805.2602912505798,
            782.1453653972142,
            503.7743709556548,
            460.435794944914,
            347.7532513519809,
            337.4898326249538,
            149.64395990488714,
            206.34090869660824,
            179.9114665359848,
            199.0084406191724,
            -127.41943945254441,
            0
        ],
        [
            0,
            0,
            0,
            0,
            0,
            0,
            0,
            0,
            0,
            0,
            0,
            -54.35903768270108,
            -132.8232076035483,
            -143.71019282287264,
            -202.03753129677474,
            -290.27183808662164,
            -191.85393105867752,
            8.654442164747696,
            -56.3699361571439,
            -49.193673055946995,
            -131.17028181128134,
            12.134138523890492,
            -60.43290755927748,
            -107.30548054450473,
            -27.525566866200737,
            -114.06338099693792,
            48.257852088192415,
            -11.224036004478279,
            -156.6015200439693,
            -184.52054007426787,
            -108.86405802102132,
            -224.01446615004832,
            -37.84806566591275,
            -123.68742880631784,
            -12.386681576229845,
            -79.4473472556408,
            -137.09565253752424,
            -254.2836499095763,
            -284.31171123796463,
            -472.6843746125754,
            -356.9416445726363,
            -386.2608451017493,
            261.37325646310177,
            111.56256146411913,
            99.990508899376,
            -194.85377125460067,
            -219.5253377144046,
            -316.7601377598441,
            -290.9410252927931,
            -459.3042895660525,
            -337.1793580492681,
            -294.5410268956923,
            -170.6489261977011,
            -465.88348019234564,
            0
        ],
        [
            0,
            0,
            0,
            0,
            0,
            0,
            0,
            0,
            0,
            -2.5170992181980183,
            41.80247943465498,
            -92.13387104804409,
            -152.10540201758843,
            -119.88294638685197,
            -174.3334952716686,
            -269.19500261419483,
            -117.30218755618407,
            152.88989351293534,
            79.67643345609696,
            97.27864518037366,
            6.198991158084367,
            186.5451810948436,
            110.69475839007026,
            69.61286239929545,
            174.82296431588253,
            86.96972320141083,
            282.99505132642065,
            224.99629704207698,
            70.03610283567643,
            47.62780640735784,
            140.75809350303032,
            19.360938440616025,
            233.97599248507746,
            144.14307185274117,
            273.06846668346384,
            202.85029323557262,
            142.46428905627238,
            15.413176349201425,
            -15.838557617126378,
            -223.15654431382643,
            -95.08975829939061,
            -128.5717258531154,
            584.647832405647,
            415.4687950412547,
            397.6425278813737,
            65.1590022516822,
            29.32968882264831,
            -89.04181091228278,
            -73.8309152015348,
            -277.6956675766702,
            -162.90819266402997,
            -142.2036684759905,
            -37.718971276981044,
            -453.1237383188886,
            0
        ],
        [
            0,
            0,
            0,
            0,
            0,
            0,
            0,
            0,
            53.4071586842003,
            -19.91228358669529,
            46.879424014190256,
            -148.0140168509703,
            -222.1596778197137,
            -175.56098321392665,
            -240.81711497198802,
            -353.6278894751443,
            -168.02532401810566,
            152.34928899578216,
            63.36171706253469,
            81.79360912029195,
            -25.453904150380605,
            180.4427175687792,
            90.66464962528538,
            41.034963012555345,
            156.78171232701428,
            55.61138945375196,
            271.78783788208136,
            204.6321680886148,
            30.788023524762565,
            4.3864529853770025,
            105.55529466249435,
            -29.500779413699355,
            205.05175048111863,
            105.17845607663278,
            245.3435006810864,
            167.45651681733455,
            100.64252100930098,
            -38.70351828471867,
            -73.1116128005963,
            -299.3545866359969,
            -159.54432444304928,
            -195.72433590209317,
            581.6737662760889,
            397.9613487442193,
            379.41823558324904,
            18.666511825006012,
            -18.77634389327849,
            -145.7336154691481,
            -126.8376451059074,
            -346.27483378551096,
            -217.8119155225453,
            -191.1554818469323,
            -71.22753303760604,
            -529.3630183014026,
            0
        ],
        [
            0,
            0,
            0,
            0,
            0,
            0,
            0,
            -53.4071586842003,
            0,
            -163.5933989657235,
            -98.20116598263257,
            -352.48767867674604,
            -450.06810736423955,
            -402.1830909805134,
            -486.9708464833246,
            -625.3895267222454,
            -419.05671317202894,
            -62.10692074515657,
            -173.53380052315308,
            -162.28185798753844,
            -292.10880703383134,
            -70.13188300846011,
            -183.6292330177699,
            -255.00848281950203,
            -142.3916757197995,
            -268.3813053754802,
            -44.7281966524223,
            -131.39452858957432,
            -333.3162766403121,
            -372.96719188085154,
            -272.8638518339458,
            -428.8905621814073,
            -182.5164283085091,
            -298.3288007173396,
            -152.97091886881967,
            -242.80461716615213,
            -319.4424311987896,
            -473.19608955786197,
            -512.2437033285465,
            -756.9548455658187,
            -605.2711633824016,
            -641.9563415368768,
            199.4385111197922,
            6.936310787831436,
            -5.649075659007135,
            -384.1569272305731,
            -412.185418191658,
            -533.5285284866128,
            -494.6822649975597,
            -707.6759065425741,
            -541.8811438872301,
            -478.46961227088434,
            -304.86282470542443,
            -729.2701873153269,
            0
        ],
        [
            0,
            0,
            0,
            0,
            0,
            0,
            2.5170992181980183,
            19.91228358669529,
            163.5933989657235,
            0,
            107.1695214650817,
            -172.1273673494141,
            -265.63156560271005,
            -192.86132396651868,
            -272.40731602955213,
            -412.14943076882486,
            -165.48882193914284,
            246.0349538170658,
            134.08316350833093,
            158.2905490026859,
            26.42264196302296,
            281.9840099700586,
            173.03187464648667,
            115.1728427192105,
            257.0191231715759,
            137.87027273610164,
            397.28933981740806,
            318.94627806727624,
            115.3809360739106,
            86.4385463657921,
            207.07481603752979,
            50.68645546516491,
            326.1228023177679,
            210.8246290243474,
            374.80355436124324,
            285.0159484268411,
            208.14878785106322,
            47.365158511795805,
            8.01817466073635,
            -252.88827800381924,
            -91.53668579972839,
            -133.5102921591257,
            759.9151528141095,
            546.8747000442303,
            523.4082911892558,
            107.2949319659692,
            61.73772023148767,
            -86.6297594153127,
            -68.79763652084708,
            -323.2422253401866,
            -182.2524605552918,
            -158.51586909926948,
            -32.07159559396436,
            -543.6705251052043,
            0
        ],
        [
            0,
            0,
            0,
            0,
            0,
            0,
            -41.80247943465498,
            -46.879424014190256,
            98.20116598263257,
            -107.1695214650817,
            0,
            -314.0062459132553,
            -421.6594674432436,
            -347.85308928951,
            -439.3556012089878,
            -595.1256203685216,
            -334.6248924390411,
            101.44431060761755,
            -24.477414886987507,
            -4.28230924899659,
            -150.468407295645,
            116.55553364069851,
            -7.271956381563193,
            -78.5072108283901,
            62.498575909272354,
            -72.37173100329534,
            193.3529454266651,
            102.73112442125071,
            -119.11858762811232,
            -156.2205593918069,
            -35.40593075753991,
            -205.42398577201126,
            78.95329685787821,
            -46.63660655566303,
            121.55617901914243,
            24.097655693542823,
            -59.03552000559804,
            -229.27594272197882,
            -271.42745929103614,
            -544.598136103218,
            -374.90211085080796,
            -416.9988738432518,
            519.4710562148496,
            300.4520297349279,
            280.80293765878355,
            -146.93601356659428,
            -186.23869776059954,
            -330.5989818336375,
            -299.56564888830576,
            -548.3466924069803,
            -382.98464902196497,
            -334.39758721443127,
            -173.37054070673926,
            -633.6695076281694,
            0
        ],
        [
            0,
            0,
            0,
            0,
            0,
            54.35903768270108,
            92.13387104804409,
            148.0140168509703,
            352.48767867674604,
            172.1273673494141,
            314.0062459132553,
            0,
            -95.57690230181217,
            -0.7836048803076942,
            -80.23391215457167,
            -227.1796169048981,
            60.727314476365116,
            530.6066473978057,
            413.27168317724835,
            447.98660598199695,
            309.22548124146346,
            599.8779205703296,
            490.0131420308044,
            440.15052106047335,
            609.0833319020435,
            490.96297508608296,
            786.1929366632476,
            711.4826435846394,
            500.08042228277765,
            478.39813896847085,
            618.3992177226687,
            456.9004743741012,
            762.6716416332534,
            644.1424226498533,
            826.8575116047178,
            734.1677101633277,
            654.5499622569281,
            483.46583027341023,
            442.3231658649231,
            161.43779186879453,
            333.8757422814813,
            285.9985062955798,
            1240.9878441121648,
            1005.3623735681216,
            971.2912680434292,
            514.7941283919118,
            452.90262756005853,
            278.5752801008518,
            278.28721190656347,
            -14.96466746730776,
            106.22769352821537,
            95.91576381852086,
            180.32529346358373,
            -383.6840338225068,
            0
        ],
        [
            0,
            0,
            0,
            0,
            0,
            132.8232076035483,
            152.10540201758843,
            222.1596778197137,
            450.06810736423955,
            265.63156560271005,
            421.6594674432436,
            95.57690230181217,
            0,
            103.84120328321767,
            25.191568322017478,
            -123.7388133742794,
            180.55778941393604,
            673.3901093342031,
            554.7625423822989,
            594.2254488802492,
            453.54751323595985,
            758.3341385957609,
            649.1504393463481,
            603.6672959172967,
            784.2571447406875,
            667.7112695432289,
            977.8411068980744,
            905.5698413569991,
            692.1102070771398,
            674.1104928749979,
            822.3771322153224,
            659.6264529647481,
            977.704622770473,
            858.4577582031117,
            1048.7990007265494,
            955.3020138534353,
            874.8191863963945,
            699.8543895922561,
            657.9554814475698,
            369.2323939503707,
            545.5136189280953,
            494.82680186249326,
            1472.2645089782761,
            1227.0110038552587,
            1187.559943290422,
            714.3358591499135,
            644.3459974530234,
            458.0136475900067,
            448.04292399260476,
            137.26949014923156,
            246.50384993985458,
            217.91420388629342,
            278.042274239225,
            -306.6466328612326,
            0
        ],
        [
            0,
            0,
            0,
            0,
            0,
            143.71019282287264,
            119.88294638685197,
            175.56098321392665,
            402.1830909805134,
            192.86132396651868,
            347.85308928951,
            0.7836048803076942,
            -103.84120328321767,
            0,
            -86.38095819170405,
            -245.5159265858448,
            66.67520693585273,
            574.0328821033743,
            446.52346275633784,
            483.18307019787534,
            333.3822810873228,
            644.8978717611009,
            526.0976316211721,
            471.77645363225713,
            651.3157508677451,
            524.5166922558742,
            838.1017091528979,
            757.7591258787586,
            532.5109316893552,
            509.04787002528883,
            657.0654241357252,
            485.50594717527014,
            808.8292018923318,
            682.9103885096861,
            875.6022589727336,
            777.1292226209085,
            692.5860504617527,
            511.6561780840273,
            467.942829729642,
            171.7067066455259,
            353.1009941424924,
            302.4481496555833,
            1305.805646994449,
            1057.1090187745742,
            1020.1458072209593,
            540.6437305660568,
            474.9946470800787,
            292.05252270554683,
            290.87509957503903,
            -14.295855899880552,
            110.55030789958009,
            98.75662187873812,
            180.42760895342457,
            -346.0988724668436,
            0
        ],
        [
            0,
            0,
            0,
            0,
            -4.640430554580761,
            202.03753129677474,
            174.3334952716686,
            240.81711497198802,
            486.9708464833246,
            272.40731602955213,
            439.3556012089878,
            80.23391215457167,
            -25.191568322017478,
            86.38095819170405,
            0,
            -161.7573835622802,
            165.24242137269815,
            693.709815275252,
            564.3177547620683,
            604.853594954865,
            452.5926442127988,
            776.9754835554941,
            657.9266133966363,
            606.6346329616918,
            796.2273338586019,
            669.8836724856545,
            996.749652379393,
            917.8000581148502,
            689.6892973684018,
            668.9234389013188,
            824.0861597309427,
            650.6151995990678,
            985.0617292057524,
            857.8669614011823,
            1057.314022495696,
            957.6122065254996,
            871.8602992942373,
            686.9390334554853,
            642.2848697557437,
            338.5115405058268,
            523.4732341100263,
            470.2102128026326,
            1494.534915047464,
            1236.9509461914247,
            1195.1304829378312,
            700.5681076536207,
            627.8614076972578,
            434.52614010314585,
            425.0662944662349,
            105.25430904376795,
            219.76818049450682,
            192.2719326022864,
            251.3483737786024,
            -274.5110963205662,
            0
        ],
        [
            0,
            0,
            0,
            0,
            6.5437576068786925,
            290.27183808662164,
            269.19500261419483,
            353.6278894751443,
            625.3895267222454,
            412.14943076882486,
            595.1256203685216,
            227.1796169048981,
            123.7388133742794,
            245.5159265858448,
            161.7573835622802,
            0,
            343.9318511398277,
            895.43932255468,
            766.602103939349,
            813.2585071907414,
            660.8725291580563,
            1000.0582577705616,
            884.005986580051,
            839.8111546748795,
            1043.1674369463826,
            920.983869782923,
            1264.352175609401,
            1190.0478036869872,
            962.1914410792913,
            946.8892424959398,
            1111.623504703933,
            938.6103792586497,
            1285.989731823512,
            1159.325533491241,
            1366.8457395751852,
            1267.1067165208333,
            1181.00320000214,
            992.6664902651478,
            947.1824887513642,
            635.7688614186077,
            823.4026234964115,
            766.3326757436084,
            1808.9689137970006,
            1540.319946418596,
            1490.6148224345916,
            977.7216587926886,
            893.403831256381,
            684.2930778256864,
            659.6992135346085,
            317.47592471179587,
            410.96733179176647,
            354.3092901062764,
            371.1184396360526,
            -175.63849664185523,
            0
        ],
        [
            0,
            0,
            0,
            0,
            -66.66988131316845,
            191.85393105867752,
            117.30218755618407,
            168.02532401810566,
            419.05671317202894,
            165.48882193914284,
            334.6248924390411,
            -60.727314476365116,
            -180.55778941393604,
            -66.67520693585273,
            -165.24242137269815,
            -343.9318511398277,
            0,
            557.8824562993999,
            413.8557616040207,
            451.1283455406881,
            283.6152703362921,
            622.6228073382233,
            488.17624051165933,
            423.6894684586374,
            614.642642067898,
            472.0263976144565,
            808.429843603291,
            716.9707608310388,
            469.11963955924256,
            440.4262472952657,
            597.3490081546798,
            409.2439533144162,
            755.4264705509513,
            617.2430642278437,
            822.4940598687541,
            714.5769083286069,
            622.1193893777147,
            426.72320420905254,
            379.12667737641345,
            61.62269348639603,
            255.97460215040604,
            202.43177089478488,
            1273.1675851807022,
            1008.0894580820728,
            969.138808359531,
            461.81842836008735,
            394.8104851294051,
            205.4207493762953,
            208.61942840004647,
            -102.8460597569657,
            34.53516179083769,
            32.093874214532995,
            119.98742239717431,
            -223.5117369198511,
            0
        ],
        [
            0,
            0,
            0,
            0,
            -222.78660894911104,
            -8.654442164747696,
            -152.88989351293534,
            -152.34928899578216,
            62.10692074515657,
            -246.0349538170658,
            -101.44431060761755,
            -530.6066473978057,
            -673.3901093342031,
            -574.0328821033743,
            -693.709815275252,
            -895.43932255468,
            -557.8824562993999,
            0,
            -164.94900046386633,
            -142.7954058827479,
            -330.9115055169557,
            2.239855890322302,
            -158.4734490204453,
            -253.38840616088152,
            -84.61926915030988,
            -256.7420721719996,
            63.88281777947943,
            -52.75967020347305,
            -327.98238609568443,
            -376.9732744056323,
            -234.25246431436548,
            -442.9990848148242,
            -103.18062247796406,
            -257.05453954338765,
            -57.67999117004383,
            -176.38440061691898,
            -276.94329003047153,
            -480.1449733428254,
            -529.6906412636279,
            -851.8420013704992,
            -648.5180371903032,
            -694.8090495397174,
            408.1950323631214,
            153.54209458358446,
            133.7713749230274,
            -356.9951598726473,
            -393.80646436258866,
            -547.5930746936499,
            -497.5432434124347,
            -754.0876826005506,
            -543.5073965806394,
            -452.70691775250384,
            -237.1729391201689,
            -118.7468487992428,
            0
        ],
        [
            0,
            0,
            0,
            0,
            -211.70601317817653,
            56.3699361571439,
            -79.67643345609696,
            -63.36171706253469,
            173.53380052315308,
            -134.08316350833093,
            24.477414886987507,
            -413.27168317724835,
            -554.7625423822989,
            -446.52346275633784,
            -564.3177547620683,
            -766.602103939349,
            -413.8557616040207,
            164.94900046386633,
            0,
            27.348621815842325,
            -161.39858593051193,
            185.08435394333435,
            26.429392455571275,
            -62.80779135451746,
            117.92874646565527,
            -51.177803076015934,
            284.0766122272223,
            171.00547196005147,
            -104.69612000713383,
            -149.22820939513952,
            1.84683171897762,
            -206.98275056270677,
            144.4300777497338,
            -9.316357662008894,
            197.2444063054093,
            78.29793582006886,
            -22.69958397113644,
            -229.04215153330819,
            -279.2575635522648,
            -608.1220510988218,
            -402.1060860813784,
            -451.42394405413916,
            667.9745439896001,
            403.91991660108766,
            377.60093694118495,
            -128.24082156212347,
            -174.36837613044997,
            -340.583447345999,
            -302.5234720711377,
            -575.4960593061031,
            -381.6498261817189,
            -312.92927240185765,
            -131.32356921410664,
            0,
            0
        ],
        [
            0,
            0,
            0,
            -0.5573737145768322,
            -244.84344447991367,
            49.193673055946995,
            -97.27864518037366,
            -81.79360912029195,
            162.28185798753844,
            -158.2905490026859,
            4.28230924899659,
            -447.98660598199695,
            -594.2254488802492,
            -483.18307019787534,
            -604.853594954865,
            -813.2585071907414,
            -451.1283455406881,
            142.7954058827479,
            -27.348621815842325,
            0,
            -194.32573920962486,
            160.34492741682521,
            -3.3543029735058605,
            -96.0543307262302,
            87.8220815892485,
            -86.44292895680573,
            255.4716937950271,
            138.7237667797625,
            -144.1196372374901,
            -190.45864021445135,
            -36.8596479295819,
            -250.84408271848335,
            107.37619611465368,
            -50.12708839729462,
            160.1879753161168,
            38.45556495856267,
            -64.78712658785055,
            -275.20811392055367,
            -326.27195227176605,
            -660.9015940024402,
            -450.6288717561849,
            -500.1278692680253,
            638.6795394463999,
            370.72881065770645,
            344.6368809740377,
            -167.25153428291497,
            -212.19394061203818,
            -377.82088459879816,
            -336.21471611328934,
            -605.7529608336617,
            -404.9918113456112,
            -327.03021378213003,
            -135.1434548637133,
            0,
            0
        ],
        [
            0,
            0,
            0,
            30.369120168962244,
            -209.15984439652198,
            131.17028181128134,
            -6.198991158084367,
            25.453904150380776,
            292.10880703383134,
            -26.42264196302296,
            150.468407295645,
            -309.22548124146346,
            -453.54751323595985,
            -333.3822810873228,
            -452.5926442127988,
            -660.8725291580563,
            -283.6152703362921,
            330.9115055169557,
            161.39858593051193,
            194.32573920962486,
            0,
            368.0017456447605,
            207.13065837238324,
            120.95731314234473,
            317.31675086680434,
            146.9167737537938,
            503.72792106496047,
            391.24143532188845,
            108.72660324338946,
            67.35314136040829,
            229.54120794015796,
            16.032192727086247,
            385.71505916622124,
            228.6919878649664,
            446.0463073395404,
            324.2164866871274,
            220.5694273805181,
            7.085935351889198,
            -44.87508873040216,
            -386.1535598946415,
            -174.035192589355,
            -227.17332385198378,
            925.1553145885929,
            647.0919861069535,
            613.0689544821149,
            85.60056971830714,
            29.53780540796936,
            -150.29462491082543,
            -123.55960843048406,
            -411.5424827160604,
            -232.74361632044446,
            -183.21936377940324,
            -39.125827619061305,
            0,
            0
        ],
        [
            0,
            0,
            0,
            -31.884948440650255,
            -341.85340847419207,
            -12.134138523890492,
            -186.5451810948436,
            -180.4427175687792,
            70.13188300846011,
            -281.9840099700586,
            -116.55553364069851,
            -599.8779205703296,
            -758.3341385957609,
            -644.8978717611009,
            -776.9754835554941,
            -1000.0582577705616,
            -622.6228073382233,
            -2.239855890322302,
            -185.08435394333435,
            -160.34492741682521,
            -368.0017456447605,
            0,
            -177.07914326917103,
            -281.1098952716607,
            -95.56696847968573,
            -283.961601714609,
            66.89996775415963,
            -60.61106365968844,
            -360.62599442266736,
            -413.5588372289742,
            -257.922657741611,
            -484.3347567506441,
            -115.23797614322717,
            -281.80445021103475,
            -65.80672743490992,
            -193.97613317120002,
            -302.1870128578244,
            -520.5764240873219,
            -572.9674215087088,
            -917.6050567800963,
            -697.9177834665464,
            -745.6662375977584,
            431.54591726857996,
            159.78170176076335,
            138.30993922031774,
            -378.72621963479236,
            -414.67147671236114,
            -570.381064953172,
            -512.0159694384256,
            -760.0394564392801,
            -530.439748476996,
            -410.8802900468617,
            -157.90413597389852,
            0,
            0
        ],
        [
            0,
            0,
            0,
            -0.437213182797185,
            -319.0179614313669,
            60.43290755927748,
            -110.69475839007104,
            -90.66464962528505,
            183.6292330177699,
            -173.03187464648667,
            7.271956381563216,
            -490.0131420308058,
            -649.1504393463481,
            -526.0976316211721,
            -657.9266133966363,
            -884.005986580051,
            -488.17624051165933,
            158.4734490204453,
            -26.429392455571275,
            3.3543029735058654,
            -207.13065837238324,
            177.07914326917103,
            0,
            -99.88364133092185,
            98.53691034198795,
            -88.97561813536323,
            278.70499699758386,
            153.17755319584495,
            -150.13550894546262,
            -199.49428926162642,
            -34.86501661376595,
            -263.4130185778079,
            119.3326495223646,
            -48.6755339022511,
            175.41494404037357,
            45.75570541614009,
            -63.94481166944984,
            -287.0277606806433,
            -340.6448335274083,
            -693.7885575165889,
            -470.58719661225075,
            -521.637817850489,
            675.0378456160905,
            392.41130382587954,
            363.5367512361237,
            -169.14064484674984,
            -214.49332341089027,
            -381.84812838052517,
            -335.2414657909561,
            -594.701752926932,
            -382.1491979004135,
            -280.9255577822299,
            -53.24126376517682,
            0,
            0
        ],
        [
            0,
            0,
            60.710074665196885,
            23.99815815868768,
            -320.9867982784961,
            107.30548054450473,
            -69.61286239929545,
            -41.034963012555345,
            255.00848281950203,
            -115.1728427192105,
            78.5072108283901,
            -440.15052106047335,
            -603.6672959172967,
            -471.77645363225713,
            -606.6346329616918,
            -839.8111546748795,
            -423.6894684586374,
            253.38840616088152,
            62.80779135451746,
            96.0543307262302,
            -120.95731314234455,
            281.1098952716607,
            99.8836413309217,
            0,
            209.82636913209996,
            18.682426887263645,
            403.31149661769865,
            276.108296972826,
            -35.29153560662366,
            -83.69124189331811,
            89.07179980156107,
            -145.09863273812337,
            252.2831115922558,
            80.23929057488267,
            312.63218916723605,
            179.66539892989042,
            67.10519856629034,
            -162.31350060780343,
            -217.46747279084934,
            -580.4485131277418,
            -351.9315916989606,
            -405.29335067698906,
            816.010596240013,
            523.1344424508771,
            488.6858328343114,
            -57.08068598554464,
            -107.92925047572116,
            -281.30008925533986,
            -240.20561679788295,
            -498.481034611483,
            -293.4000472257306,
            -191.3981248660957,
            0,
            0,
            0
        ],
        [
            0,
            0,
            69.32868088656545,
            -27.31639518035015,
            -422.7875538378028,
            27.525566866200737,
            -174.82296431588253,
            -156.78171232701428,
            142.3916757197995,
            -257.0191231715759,
            -62.498575909272354,
            -609.0833319020435,
            -784.2571447406875,
            -651.3157508677451,
            -796.2273338586019,
            -1043.1674369463826,
            -614.642642067898,
            84.61926915031002,
            -117.92874646565527,
            -87.8220815892485,
            -317.3167508668039,
            95.56696847968573,
            -98.53691034198795,
            -209.82636913209996,
            0,
            -204.78152076717038,
            186.30177876067253,
            48.593845208784366,
            -278.65155985918926,
            -333.6450733618084,
            -160.00041680544888,
