{
    "bin_ranges": {
        "m3pi_lower_limit": 1.66,
        "m3pi_upper_limit": 1.7,
        "t_lower_limit": 0.326,
        "t_upper_limit": 1
    },
    "info": "The dalitz matrix M is computed as sqrt(-Kibble) * (A[1]-A[2])",
    "bin_centers": [
        0.29900000000000004,
        0.33999999999999997,
        0.38,
        0.42000000000000004,
        0.45999999999999996,
        0.5,
        0.54,
        0.5800000000000001,
        0.62,
        0.66,
        0.69,
        0.71,
        0.73,
        0.75,
        0.77,
        0.79,
        0.81,
        0.83,
        0.85,
        0.87,
        0.89,
        0.91,
        0.94,
        0.98,
        1.02,
        1.06,
        1.1,
        1.1400000000000001,
        1.18,
        1.22,
        1.26,
        1.3,
        1.34,
        1.38,
        1.42,
        1.46,
        1.5,
        1.54
    ],
    "real(M)": [
        [
            0,
            0,
            0,
            0,
            0,
            0,
            0,
            0,
            0,
            0,
            0,
            0,
            0,
            0,
            0,
            0,
            0,
            0,
            0,
            0,
            0,
            0,
            0,
            9.543221758846725,
            -6.3101403143426555,
            -14.85026477021837,
            -4.672515773428979,
            5.4650712039282485,
            -5.927489961101809,
            -10.902764577716859,
            -26.056807953978762,
            -12.841322779761995,
            -15.601971029926956,
            0,
            0,
            0,
            0,
            0
        ],
        [
            0,
            0,
            0,
            0,
            0,
            0,
            0,
            0,
            0,
            0,
            0,
            0,
            0,
            0,
            0,
            25.470554947779757,
            117.15680289266159,
            152.62067613572384,
            182.79546401674358,
            202.3234034265052,
            214.93042314545875,
            210.89970038950125,
            205.7914295663444,
            214.96489303659823,
            176.72033346589978,
            171.27890959510836,
            200.51622943458364,
            223.94065702540277,
            204.3174697553236,
            193.00645238948812,
            157.27259254235918,
            169.6328565304232,
            136.76128328900643,
            103.13583826011312,
            57.9942992830662,
            35.45882768270238,
            0,
            0
        ],
        [
            0,
            0,
            0,
            0,
            0,
            0,
            0,
            0,
            0,
            0,
            -4.812769461576577,
            -24.425769403015295,
            20.110940055965145,
            79.15361787841454,
            175.16922073025285,
            207.05440149757214,
            308.91986161828936,
            313.6734367267322,
            330.2493897380296,
            336.88198850664116,
            338.0662648183233,
            317.70470832590553,
            295.6996338068845,
            296.3536415267175,
            235.50586799405997,
            223.52325844608052,
            259.4604181323835,
            288.3095630328653,
            261.45842523639095,
            246.87317468253661,
            201.1939854685528,
            220.8824119856075,
            181.84152555964027,
            143.44828420798862,
            89.99009844256555,
            130.20987694094342,
            40.09028924941559,
            0
        ],
        [
            0,
            0,
            0,
            0,
            0,
            0,
            0,
            0,
            -22.932649451824854,
            -28.02257615211795,
            -17.597317456326145,
            -47.853653654542036,
            42.74085735938641,
            134.58226943098077,
            271.1802781668045,
            305.47962218505774,
            437.3786034190533,
            433.25853027666824,
            447.0540867001313,
            448.9361766244797,
            444.92115412327865,
            414.4868760797905,
            381.8401909345351,
            378.07531147225694,
            300.2114129404715,
            283.7926806539468,
            326.02072742675676,
            359.7792872399567,
            326.80155110387733,
            309.06383576935315,
            254.29040792171833,
            278.75129545203407,
            232.74120656898404,
            187.76027509101036,
            123.86605110930242,
            187.13760486021957,
            105.76174803049844,
            0
        ],
        [
            0,
            0,
            0,
            0,
            0,
            0,
            0,
            -22.22512339105123,
            -66.63837171695248,
            -39.72487374776332,
            -19.322383181082596,
            -58.93157216039628,
            62.725159227781916,
            179.82153686989085,
            349.39960563601096,
            387.39775840265634,
            545.2887573621306,
            535.2697280004766,
            547.8219663477382,
            546.529694778294,
            538.7297273075623,
            500.1155153416004,
            458.741925773499,
            451.531872559373,
            358.891026700733,
            338.6199149581982,
            386.415171076226,
            424.4375864725577,
            385.86625243106664,
            365.0950787303334,
            302.0264762731753,
            330.1751443036948,
            277.56484531049466,
            226.2461989160267,
            152.85004326419772,
            231.15289957667122,
            143.63120064709162,
            0
        ],
        [
            0,
            0,
            0,
            0,
            0,
            0,
            5.143394514029081,
            -10.14091815907942,
            -55.3674939057661,
            -6.909660251682804,
            24.32831277210245,
            -20.85197877825535,
            128.74726738931517,
            269.5872795447347,
            469.95000379271386,
            513.6058256689417,
            696.5701510039222,
            683.5592173512415,
            697.0098979977975,
            694.7170340366249,
            685.1962621133101,
            640.7507587302969,
            593.5106302950708,
            585.3938327303206,
            481.09065351347607,
            458.5633024158375,
            512.141793960415,
            554.2160039474418,
            510.20691924700304,
            485.6698362778287,
            413.4419143498482,
            442.19123204590005,
            380.1069718631926,
            318.3554748527855,
            230.39198583647757,
            310.5308894817774,
            202.04926846032993,
            0
        ],
        [
            0,
            0,
            0,
            0,
            0,
            -5.143394514029081,
            0,
            -23.63546665369034,
            -80.11110498845416,
            -22.00477440734144,
            13.456878449938785,
            -39.714930006298985,
            131.60683392177154,
            290.935464001591,
            516.4582203592709,
            563.0046185452887,
            766.5275354022556,
            748.8456251985306,
            761.2199705053424,
            756.2026489081569,
            743.3808507143715,
            691.9612730309794,
            637.0560564047765,
            625.40320113671,
            508.15450238953053,
            481.7898402879809,
            539.3973557752416,
            584.4483240164311,
            535.3954011908054,
            508.0254389850384,
            428.9397349159111,
            460.3653811938652,
            393.1260072869703,
            326.7430743694073,
            232.52830008518703,
            320.6310411766292,
            205.13042474909196,
            0
        ],
        [
            0,
            0,
            0,
            0,
            22.22512339105123,
            10.14091815907942,
            23.63546665369034,
            0,
            -60.59599128298018,
            10.891229040617263,
            53.61461046912521,
            -4.556168566615479,
            188.5184032686712,
            366.7176937810302,
            617.2001727019284,
            668.342033712098,
            892.5501922351185,
            872.33597629159,
            885.3540981506135,
            879.3483082694147,
            864.8918417824221,
            808.3408052848995,
            748.1053125905282,
            735.1205600210377,
            607.4449744061399,
            578.5799527463561,
            640.3812359302709,
            688.0693818271176,
            633.7497062861062,
            602.4413954530828,
            515.0928990884584,
            545.7127481731316,
            469.73312290945324,
            393.75048489455037,
            287.00996467303884,
            369.00440183614734,
            229.614585469216,
            0
        ],
        [
            0,
            0,
            0,
            22.932649451824854,
            66.63837171695248,
            55.3674939057661,
            80.11110498845416,
            60.59599128298018,
            0,
            86.90985010512063,
            138.6483029725952,
            77.44356275422541,
            291.906577694031,
            488.86804046023866,
            763.7009189375513,
            820.416672368349,
            1064.96014735346,
            1043.601582996656,
            1058.3188964957362,
            1052.4205863240006,
            1037.3900512262096,
            976.9534527513299,
            912.9192637822714,
            899.8926313190242,
            763.4634236524327,
            732.7525675838094,
            798.3659611395179,
            847.9020864303917,
            787.7315191830845,
            751.1393282999155,
            654.00212084409,
            680.3323519456961,
            592.1513103735988,
            501.8335973215257,
            376.59998829715096,
            438.0263552663093,
            254.6825495685977,
            0
        ],
        [
            0,
            0,
            0,
            28.02257615211795,
            39.72487374776332,
            6.909660251682804,
            22.00477440734144,
            -10.891229040617263,
            -86.90985010512063,
            0,
            50.27274580980031,
            -19.857509864494588,
            208.41530065074053,
            417.0661875283939,
            709.0171849488511,
            765.7904043588869,
            1024.2556898370874,
            997.236493665937,
            1009.1579870729804,
            999.2405344550343,
            979.8137706692697,
            912.1910148927691,
            839.7562200284772,
            821.126422986241,
            672.3338468095066,
            636.873408454065,
            704.2176250630126,
            755.1507067286974,
            691.172100369893,
            653.1623335415329,
            552.9225907923653,
            583.1614587287794,
            495.3267442263172,
            407.4065430416787,
            286.6962904916554,
            352.55426205234363,
            164.2342060259807,
            0
        ],
        [
            0,
            0,
            4.812769461576577,
            17.597317456326145,
            19.322383181082596,
            -24.32831277210245,
            -13.456878449938785,
            -53.61461046912521,
            -138.6483029725952,
            -50.27274580980031,
            0,
            -75.71006089412732,
            162.80799474836908,
            380.203586200293,
            684.6597520919559,
            741.9993155412524,
            1010.6679506073464,
            980.1568745151674,
            990.5526390362927,
            978.226904824999,
            956.101068579118,
            883.8158827547743,
            805.9981556577867,
            783.9793838535464,
            627.0559213823215,
            588.6086485973276,
            657.2374157081857,
            709.0405223861226,
            642.3117210001806,
            602.9946255395529,
            500.2836801105314,
            532.1741839036898,
            443.7070475721145,
            356.27473923753,
            237.5676412845289,
            299.10940122819295,
            82.29233224330521,
            0
        ],
        [
            0,
            0,
            24.425769403015295,
            47.853653654542036,
            58.93157216039628,
            20.85197877825535,
            39.714930006298985,
            4.556168566615479,
            -77.4435627542253,
            19.857509864494556,
            75.71006089412724,
            0,
            248.37096491375132,
            474.51988744860506,
            789.9523018996738,
            850.5678324383615,
            1128.4414558606522,
            1098.3294482265978,
            1110.2068484044319,
            1098.6452833490684,
            1076.936626849223,
            1003.6679301624773,
            925.0673130576308,
            903.7440230192066,
            743.7915197095812,
            704.6807652324879,
            774.3345645862835,
            825.8345534974504,
            755.435051201467,
            711.9793617305724,
            602.9337274687932,
            628.8876959288567,
            530.9308219309947,
            431.56993147006676,
            297.51474797366427,
            327.5996718368112,
            0,
            0
        ],
        [
            0,
            0,
            -20.110940055965145,
            -42.74085735938641,
            -62.725159227781916,
            -128.74726738931517,
            -131.60683392177154,
            -188.5184032686712,
            -291.906577694031,
            -208.41530065074025,
            -162.80799474836908,
            -248.3709649137516,
            0,
            225.51343999829186,
            542.8509713673396,
            598.4240750417889,
            877.3421868576918,
            840.2903809219081,
            846.7013624992736,
            829.4389125005727,
            802.1610207528346,
            722.4679505057082,
            635.819533905342,
            607.2371581485218,
            438.75328294394416,
            395.78157673445014,
            465.8096058415356,
            519.3894881138674,
            451.3228912593613,
            413.6105560954689,
            312.87493476412413,
            352.74271202034464,
            272.46729698186533,
            197.73058609624235,
            99.0835700643852,
            171.08108015816057,
            0,
            0
        ],
        [
            0,
            0,
            -79.15361787841454,
            -134.58226943098077,
            -179.82153686989085,
            -269.5872795447347,
            -290.935464001591,
            -366.71769378103096,
            -488.86804046023866,
            -417.0661875283939,
            -380.20358620029344,
            -474.51988744860506,
            -225.51343999829186,
            0,
            319.73350527224704,
            371.0454290182345,
            651.4796411880278,
            608.3120484434345,
            609.9919556612248,
            587.7584179557707,
            555.6194322304481,
            470.24288251906194,
            376.55637239916075,
            341.83302277789295,
            165.99655528264154,
            120.03778190955225,
            190.9923958138341,
            247.0581050563702,
            181.7813708685504,
            150.05865013366386,
            57.8871199843469,
            111.41029656391767,
            48.832185757206915,
            -1.1173015478350758,
            -63.063632354191036,
            52.59747731325857,
            0,
            0
        ],
        [
            0,
            0,
            -175.16922073025285,
            -271.1802781668045,
            -349.39960563601096,
            -469.95000379271386,
            -516.4582203592709,
            -617.2001727019284,
            -763.7009189375502,
            -709.0171849488511,
            -684.659752091955,
            -789.9523018996738,
            -542.8509713673396,
            -319.7335052722472,
            0,
            45.09470559773309,
            324.92614588683375,
            274.0333606946223,
            269.4398640388952,
            240.84819068663407,
            202.6046006271956,
            110.50537822566176,
            8.451652138277398,
            -33.760504588874156,
            -217.42328902911984,
            -266.2666993663332,
            -193.62948464585486,
            -133.36737389884357,
            -192.82832155623487,
            -214.28872033581544,
            -291.8658075532975,
            -217.0422399384174,
            -251.17568572201225,
            -261.4305850332309,
            -263.6998266835995,
            -61.74927293763224,
            0,
            0
        ],
        [
            0,
            -25.47055494780248,
            -207.05440149757214,
            -305.47962218505774,
            -387.39775840265634,
            -513.6058256689417,
            -563.0046185452887,
            -668.342033712098,
            -820.416672368348,
            -765.790404358886,
            -741.9993155412515,
            -850.5678324383615,
            -598.4240750417879,
            -371.0454290182347,
            -45.09470559773309,
            0,
            284.8277333548126,
            231.8641615653455,
            226.24667062624235,
            196.21807298867574,
            156.43623353593932,
            61.87162845623956,
            -42.94073795523702,
            -86.7326910208074,
            -273.8902078374813,
            -323.4149704609813,
            -249.24107631812868,
            -187.3397301518957,
            -246.0528060157804,
            -265.52812701528035,
            -340.3183657543284,
            -260.9344733977743,
            -288.6589002202945,
            -288.842050621966,
            -271.6408463657905,
            -41.07990464122753,
            0,
            0
        ],
        [
            0,
            -117.15680289266159,
            -308.91986161828936,
            -437.3786034190533,
            -545.2887573621306,
            -696.5701510039222,
            -766.5275354022571,
            -892.5501922351185,
            -1064.96014735346,
            -1024.2556898370874,
            -1010.6679506073455,
            -1128.4414558606522,
            -877.3421868576911,
            -651.4796411880278,
            -324.92614588683375,
            -284.8277333548126,
            0,
            -59.330600605697605,
            -70.02178662371138,
            -105.19385959987427,
            -149.88395657615308,
            -249.8770730157865,
            -361.27583080723844,
            -410.5634836958645,
            -603.290235261367,
            -653.955864093682,
            -576.8968814996185,
            -509.7338761445799,
            -561.2225761130908,
            -569.2101801883445,
            -627.7684293903134,
            -526.0878121834894,
            -522.7914719060432,
            -478.35869676258324,
            -386.53165860074773,
            0,
            0,
            0
        ],
        [
            0,
            -152.62067613572376,
            -313.6734367267322,
            -433.25853027666824,
            -535.2697280004749,
            -683.5592173512415,
            -748.8456251985306,
            -872.33597629159,
            -1043.601582996656,
            -997.236493665937,
            -980.1568745151664,
            -1098.3294482265978,
            -840.2903809219074,
            -608.3120484434345,
            -274.0333606946224,
            -231.86416156534537,
            59.330600605697605,
            0,
            -9.880802966972098,
            -44.71797724454803,
            -89.27493524742557,
            -190.04698287721573,
            -302.01013763289404,
            -350.69111788825074,
            -544.8905309576955,
            -595.243438399581,
            -516.7870544523464,
            -448.9313532771511,
            -501.0435722691708,
            -509.56693753313675,
            -568.6278104460038,
            -467.9819739492702,
            -464.4849926597092,
            -417.34150201429344,
            -308.23375727093475,
            0,
            0,
            0
        ],
        [
            0,
            -182.7954640167354,
            -330.2493897380296,
            -447.05408670012935,
            -547.8219663477382,
            -697.009897997796,
            -761.219970505341,
            -885.3540981506135,
            -1058.3188964957362,
            -1009.1579870729795,
            -990.5526390362919,
            -1110.2068484044319,
            -846.7013624992736,
            -609.9919556612244,
            -269.4398640388952,
            -226.24667062624235,
            70.02178662371138,
            9.880802966972094,
            0,
            -35.21877280404268,
            -80.28103882371188,
            -182.32736978305962,
            -295.509596969231,
            -344.3229936880629,
            -540.1726866568429,
            -590.2227339038142,
            -510.1912624326324,
            -441.0058141744987,
            -492.3087726179495,
            -499.360882437542,
            -555.8923587629646,
            -452.7320133925958,
            -443.4037808180788,
            -384.78988164587776,
            -233.79913388193026,
            0,
            0,
            0
        ],
        [
            0,
            -202.3234034265052,
            -336.88198850664116,
            -448.9361766244797,
            -546.5296947782956,
            -694.7170340366249,
            -756.2026489081569,
            -879.3483082694147,
            -1052.4205863240006,
            -999.2405344550343,
            -978.2269048249983,
            -1098.6452833490684,
            -829.4389125005731,
            -587.7584179557707,
            -240.8481906866342,
            -196.21807298867586,
            105.19385959987427,
            44.71797724454803,
            35.218772804042686,
            0,
            -45.205560270491105,
            -148.11991991469318,
            -262.0242375722719,
            -310.5751019077483,
            -507.6011545475717,
            -557.2602489683703,
            -476.00021022946726,
            -406.0672785795858,
            -457.13287599195854,
            -463.65912233089216,
            -518.7069184830946,
            -415.058814075143,
            -401.71063213207776,
            -332.8047006918513,
            -100.0945458137959,
            0,
            0,
            0
        ],
        [
            0,
            -214.9304231454622,
            -338.0662648183233,
            -444.92115412327865,
            -538.7297273075623,
            -685.1962621133101,
            -743.3808507143704,
            -864.8918417824221,
            -1037.3900512262096,
            -979.8137706692697,
            -956.1010685791185,
            -1076.936626849223,
            -802.1610207528346,
            -555.6194322304481,
            -202.6046006271956,
            -156.43623353593932,
            149.88395657615305,
            89.27493524742557,
            80.28103882371191,
            45.205560270491105,
            0,
            -103.57198861721042,
            -217.95804660573137,
            -266.122650691498,
            -464.0161910548416,
            -513.266267882716,
            -431.09159716768363,
            -360.8334914593576,
            -411.9088058983982,
            -418.3607109995848,
            -472.24148818771,
            -369.19114510384276,
            -352.1886594929236,
            -271.1481221145107,
            0,
            0,
            0,
            0
        ],
        [
            0,
            -210.89970038949824,
            -317.70470832590553,
            -414.4868760797905,
            -500.1155153416004,
            -640.7507587302969,
            -691.9612730309804,
            -808.3408052848995,
            -976.9534527513291,
            -912.1910148927691,
            -883.8158827547743,
            -1003.6679301624777,
            -722.4679505057077,
            -470.24288251906194,
            -110.5053782256618,
            -61.871628456239584,
            249.87707301578664,
            190.04698287721573,
            182.32736978305957,
            148.11991991469318,
            103.57198861721042,
            0,
            -114.09762666715922,
            -161.33173485148689,
            -359.7027793810574,
            -408.8504161287076,
            -326.8654968874827,
            -258.02211875368494,
            -311.2762771297524,
            -320.7971038143327,
            -377.47064388971916,
            -281.1696178334188,
            -267.88299613641215,
            -182.1275545709968,
            0,
            0,
            0,
            0
        ],
        [
            0,
            -205.7914295663444,
            -295.6996338068845,
            -381.8401909345351,
            -458.741925773499,
            -593.5106302950708,
            -637.0560564047765,
            -748.1053125905289,
            -912.919263782271,
            -839.7562200284772,
            -805.9981556577861,
            -925.0673130576308,
            -635.819533905342,
            -376.55637239916075,
            -8.451652138277401,
            42.94073795523702,
            361.27583080723844,
            302.01013763289404,
            295.509596969231,
            262.0242375722719,
            217.95804660573137,
            114.09762666715922,
            0,
            -46.516446991666434,
            -245.5142079260043,
            -294.60491031415347,
            -213.24026202362003,
            -146.56986958932566,
            -202.16074259883044,
            -215.09516232325467,
            -273.57970181692144,
            -185.80895120377266,
            -172.89707150965356,
            -27.032037737702478,
            0,
            0,
            0,
            0
        ],
        [
            -9.543221758846725,
            -214.96489303659826,
            -296.35364152671747,
            -378.07531147225694,
            -451.531872559373,
            -585.3938327303206,
            -625.40320113671,
            -735.1205600210383,
            -899.8926313190236,
            -821.126422986241,
            -783.9793838535461,
            -903.7440230192069,
            -607.2371581485218,
            -341.83302277789295,
            33.760504588874156,
            86.73269102080741,
            410.56348369586453,
            350.69111788825074,
            344.322993688063,
            310.5751019077483,
            266.122650691498,
            161.33173485148689,
            46.516446991666434,
            0,
            -198.96995839496455,
            -247.18797684557205,
            -165.9894229193313,
            -100.54727125278318,
            -154.97352509144847,
            -166.86855780982316,
            -218.35862153438129,
            -132.30144439203065,
            -91.85972759032957,
            0,
            0,
            0,
            0,
            0
        ],
        [
            6.3101403143426555,
            -176.7203334658998,
            -235.50586799405997,
            -300.21141294047146,
            -358.891026700733,
            -481.09065351347607,
            -508.15450238953053,
            -607.4449744061402,
            -763.4634236524327,
            -672.3338468095066,
            -627.0559213823212,
            -743.7915197095812,
            -438.75328294394416,
            -165.99655528264154,
            217.4232890291199,
            273.8902078374813,
            603.290235261367,
            544.8905309576955,
            540.1726866568429,
            507.6011545475717,
            464.0161910548416,
            359.7027793810574,
            245.5142079260043,
            198.96995839496455,
            0,
            -50.10613015844704,
            24.86741954264542,
            80.57871726075923,
            17.666432846076695,
            -7.120250044492067,
            -68.57692837917293,
            -16.038072164917423,
            0,
            0,
            0,
            0,
            0,
            0
        ],
        [
            14.850264770218347,
            -171.2789095951084,
            -223.52325844608052,
            -283.7926806539468,
            -338.6199149581987,
            -458.5633024158375,
            -481.7898402879809,
            -578.5799527463561,
            -732.7525675838097,
            -636.873408454065,
            -588.6086485973275,
            -704.6807652324879,
            -395.7815767344503,
            -120.03778190955225,
            266.26669936633317,
            323.4149704609814,
            653.9558640936822,
            595.243438399581,
            590.2227339038142,
            557.2602489683703,
            513.266267882716,
            408.8504161287076,
            294.60491031415347,
            247.18797684557205,
            50.10613015844704,
            0,
            70.4262429581012,
            119.51709493185582,
            55.34105486129945,
            26.77225157014767,
            -28.14263219549626,
            0,
            0,
            0,
            0,
            0,
            0,
            0
        ],
        [
            4.672515773428982,
            -200.5162294345846,
            -259.46041813238344,
            -326.02072742675676,
            -386.4151710762255,
            -512.141793960415,
            -539.3973557752413,
            -640.3812359302707,
            -798.3659611395178,
            -704.2176250630126,
            -657.2374157081857,
            -774.3345645862835,
            -465.80960584153564,
            -190.9923958138341,
            193.62948464585483,
            249.2410763181287,
            576.8968814996188,
            516.7870544523464,
            510.1912624326326,
            476.00021022946726,
            431.09159716768363,
            326.8654968874827,
            213.24026202362003,
            165.9894229193313,
            -24.86741954264542,
            -70.4262429581012,
            0,
            49.1539736604352,
            -3.3638662551121152,
            -17.77360431821376,
            -13.386950540570643,
            0,
            0,
            0,
            0,
            0,
            0,
            0
        ],
        [
            -5.465071203928255,
            -223.94065702540382,
            -288.3095630328653,
            -359.7792872399568,
            -424.43758647255777,
            -554.2160039474418,
            -584.4483240164308,
            -688.069381827118,
            -847.9020864303915,
            -755.1507067286974,
            -709.0405223861227,
            -825.8345534974508,
            -519.3894881138674,
            -247.0581050563702,
            133.36737389884357,
            187.33973015189574,
            509.7338761445799,
            448.93135327715106,
            441.0058141744986,
            406.0672785795858,
            360.8334914593576,
            258.02211875368494,
            146.56986958932566,
            100.54727125278318,
            -80.57871726075923,
            -119.51709493185582,
            -49.1539736604352,
            0,
            -35.12005688478138,
            -19.039188895695993,
            0,
            0,
            0,
            0,
            0,
            0,
            0,
            0
        ],
        [
            5.927489961101803,
            -204.31746975532448,
            -261.45842523639095,
            -326.80155110387733,
            -385.8662524310663,
            -510.20691924700304,
            -535.3954011908052,
            -633.7497062861063,
            -787.7315191830845,
            -691.172100369893,
            -642.3117210001803,
            -755.4350512014668,
            -451.32289125936126,
            -181.7813708685504,
            192.82832155623493,
            246.05280601578042,
            561.2225761130908,
            501.0435722691708,
            492.3087726179496,
            457.13287599195854,
            411.9088058983982,
            311.2762771297524,
            202.16074259883044,
            154.97352509144847,
            -17.666432846076695,
            -55.34105486129945,
            3.3638662551121152,
            35.12005688478138,
            0,
            0,
            0,
            0,
            0,
            0,
            0,
            0,
            0,
            0
        ],
        [
            10.902764577716868,
            -193.0064523894892,
            -246.87317468253661,
            -309.0638357693532,
            -365.0950787303332,
            -485.6698362778287,
            -508.02543898503836,
            -602.4413954530829,
            -751.1393282999151,
            -653.1623335415329,
            -602.9946255395529,
            -711.9793617305725,
            -413.6105560954688,
            -150.05865013366386,
            214.2887203358155,
            265.5281270152804,
            569.2101801883446,
            509.56693753313675,
            499.360882437542,
            463.65912233089205,
            418.3607109995848,
            320.7971038143327,
            215.09516232325467,
            166.86855780982316,
            7.120250044492067,
            -26.77225157014767,
            17.77360431821376,
            19.039188895695993,
            0,
            0,
            0,
            0,
            0,
            0,
            0,
            0,
            0,
            0
        ],
        [
            26.05680795397873,
            -157.2725925423592,
            -201.19398546855282,
            -254.29040792171833,
            -302.02647627317515,
            -413.4419143498483,
            -428.93973491591095,
            -515.0928990884586,
            -654.0021208440896,
            -552.9225907923653,
            -500.2836801105314,
            -602.9337274687931,
            -312.8749347641241,
            -57.8871199843469,
            291.8658075532976,
            340.3183657543285,
            627.7684293903134,
            568.6278104460037,
            555.8923587629646,
            518.7069184830946,
            472.24148818771,
            377.47064388971916,
            273.57970181692144,
            218.35862153438129,
            68.57692837917293,
            28.14263219549626,
            13.386950540570563,
            0,
            0,
            0,
            0,
            0,
            0,
            0,
            0,
            0,
            0,
            0
        ],
        [
            12.841322779762036,
            -169.63285653042266,
            -220.88241198560755,
            -278.75129545203407,
            -330.1751443036948,
            -442.19123204590005,
            -460.365381193865,
            -545.7127481731318,
            -680.3323519456962,
            -583.1614587287794,
            -532.1741839036897,
            -628.8876959288569,
            -352.74271202034464,
            -111.41029656391767,
            217.0422399384174,
            260.9344733977743,
            526.0878121834894,
            467.98197394927024,
            452.7320133925958,
            415.058814075143,
            369.19114510384276,
            281.1696178334188,
            185.80895120377264,
            132.30144439203065,
            16.038072164917423,
            0,
            0,
            0,
            0,
            0,
            0,
            0,
            0,
            0,
            0,
            0,
            0,
            0
        ],
        [
            15.601971029926853,
            -136.76128328900703,
            -181.8415255596403,
            -232.74120656898398,
            -277.56484531049443,
            -380.1069718631926,
            -393.1260072869702,
            -469.733122909453,
            -592.1513103735986,
            -495.3267442263172,
            -443.7070475721143,
            -530.9308219309946,
            -272.46729698186533,
            -48.83218575720692,
            251.1756857220122,
            288.6589002202946,
            522.7914719060431,
            464.4849926597092,
            443.40378081807887,
            401.7106321320778,
            352.18865949292353,
            267.88299613641215,
            172.8970715096535,
            91.85972759032957,
            0,
            0,
            0,
            0,
            0,
            0,
            0,
            0,
            0,
            0,
            0,
            0,
            0,
            0
        ],
        [
            0,
            -103.13583826011299,
            -143.448284207989,
            -187.76027509101047,
            -226.24619891602666,
            -318.3554748527855,
            -326.74307436940694,
            -393.7504848945505,
            -501.8335973215256,
            -407.4065430416787,
            -356.27473923752996,
            -431.56993147006676,
            -197.73058609624235,
            1.1173015478350758,
            261.43058503323095,
            288.84205062196594,
            478.3586967625833,
            417.34150201429344,
            384.7898816458776,
            332.8047006918514,
            271.1481221145106,
            182.12755457099678,
            27.03203773770285,
            0,
            0,
            0,
            0,
            0,
            0,
            0,
            0,
            0,
            0,
            0,
            0,
            0,
            0,
            0
        ],
        [
            0,
            -57.99429928306674,
            -89.9900984425658,
            -123.8660511093026,
            -152.85004326419784,
            -230.39198583647752,
            -232.52830008518703,
            -287.00996467303884,
            -376.599988297151,
            -286.6962904916555,
            -237.56764128452895,
            -297.51474797366427,
            -99.08357006438519,
            63.063632354191036,
            263.6998266835996,
            271.6408463657905,
            386.5316586007475,
            308.2337572709349,
            233.79913388192983,
            100.09454581379636,
            0,
            0,
            0,
            0,
            0,
            0,
            0,
            0,
            0,
            0,
            0,
            0,
            0,
            0,
            0,
            0,
            0,
            0
        ],
        [
            0,
            -35.45882768270594,
            -130.20987694094376,
            -187.13760486021957,
            -231.15289957667105,
            -310.5308894817774,
            -320.6310411766292,
            -369.00440183614734,
            -438.02635526630934,
            -352.5542620523435,
            -299.109401228193,
            -327.5996718368117,
            -171.08108015816052,
            -52.597477313258544,
            61.74927293763247,
            41.0799046412274,
            0,
            0,
            0,
            0,
            0,
            0,
            0,
            0,
            0,
            0,
            0,
            0,
            0,
            0,
            0,
            0,
            0,
            0,
            0,
            0,
            0,
            0
        ],
        [
            0,
            0,
            -40.09028924941538,
            -105.76174803049874,
            -143.63120064709125,
            -202.04926846032976,
            -205.13042474909156,
            -229.61458546921605,
            -254.68254956859778,
            -164.23420602598094,
            -82.29233224330663,
