{
    "bin_ranges": {
        "m3pi_lower_limit": 2.42,
        "m3pi_upper_limit": 2.46,
        "t_lower_limit": 0.326,
        "t_upper_limit": 1
    },
    "info": "The dalitz matrix M is computed as sqrt(-Kibble) * (A[1]-A[2])",
    "bin_centers": [
        0.29900000000000004,
        0.33999999999999997,
        0.38,
        0.42000000000000004,
        0.45999999999999996,
        0.5,
        0.54,
        0.5800000000000001,
        0.62,
        0.66,
        0.69,
        0.71,
        0.73,
        0.75,
        0.77,
        0.79,
        0.81,
        0.83,
        0.85,
        0.87,
        0.89,
        0.91,
        0.94,
        0.98,
        1.02,
        1.06,
        1.1,
        1.1400000000000001,
        1.18,
        1.22,
        1.26,
        1.3,
        1.34,
        1.38,
        1.42,
        1.46,
        1.5,
        1.54,
        1.58,
        1.62,
        1.66,
        1.7,
        1.74,
        1.78,
        1.82,
        1.8599999999999999,
        1.9,
        1.94,
        1.98,
        2.02,
        2.06,
        2.1,
        2.14,
        2.18,
        2.22,
        2.26
    ],
    "real(M)": [
        [
            0,
            0,
            0,
            0,
            0,
            0,
            0,
            0,
            0,
            0,
            0,
            0,
            0,
            0,
            0,
            0,
            0,
            0,
            0,
            0,
            0,
            0,
            0,
            0,
            0,
            0,
            0,
            0,
            0,
            0,
            0,
            0,
            0,
            0,
            83.94377048699985,
            108.17720944117323,
            133.86056251675183,
            152.69620865715237,
            137.30163608647592,
            123.41078479239196,
            186.28222878335498,
            177.24811984944833,
            199.9168720107405,
            154.28882382222625,
            244.45435077847063,
            221.94716715317617,
            156.0943745797556,
            146.39295264935808,
            96.57552192559427,
            0,
            0,
            0,
            0,
            0,
            0,
            0
        ],
        [
            0,
            0,
            0,
            0,
            0,
            0,
            0,
            0,
            0,
            0,
            0,
            0,
            0,
            0,
            0,
            0,
            0,
            0,
            0,
            0,
            0,
            0,
            0,
            0,
            0,
            0,
            0,
            -16.295506228928698,
            -132.60376052041286,
            -161.06199210184542,
            -161.77910987276812,
            -284.4139411003591,
            -262.5187368626865,
            -386.26891209044777,
            -383.8772472753916,
            -455.96064330696777,
            -472.71807047369566,
            -487.542552772353,
            -557.9325590882568,
            -610.823652284776,
            -510.54925099272066,
            -536.5749762528781,
            -494.87211949237894,
            -568.6739395180986,
            -376.3919232734528,
            -377.75112135980254,
            -451.81130562533644,
            -375.3797553345634,
            -292.34738624355776,
            -230.11295991360714,
            -372.18205930955,
            -160.09485720927023,
            -34.83600577568248,
            0,
            0,
            0
        ],
        [
            0,
            0,
            0,
            0,
            0,
            0,
            0,
            0,
            0,
            0,
            0,
            0,
            0,
            0,
            0,
            0,
            0,
            0,
            0,
            0,
            0,
            0,
            0,
            0,
            172.50716899469822,
            278.0656332688388,
            356.7418457098743,
            432.25462779990096,
            495.2579427102699,
            589.0575971904457,
            691.564891430891,
            578.4520472045822,
            687.9749099482881,
            570.6560381143454,
            632.0496967732797,
            580.6611009353921,
            600.219539098846,
            615.3634718811683,
            549.0139999911672,
            500.1368356843527,
            648.1106819344365,
            620.3920706352499,
            674.7355554716736,
            567.5465993706749,
            805.2021551004639,
            775.9799010956981,
            636.720158577549,
            688.2486438126317,
            736.398559708039,
            739.8772687938098,
            398.26882589978084,
            574.4355995110353,
            555.1996459382133,
            337.5855931810252,
            0,
            0
        ],
        [
            0,
            0,
            0,
            0,
            0,
            0,
            0,
            0,
            0,
            0,
            0,
            0,
            0,
            0,
            0,
            0,
            0,
            0,
            0,
            0,
            2.004435558435599,
            -64.11456085053723,
            -29.58982250185849,
            -18.919692632889525,
            -121.3025437916331,
            -105.41535279347421,
            -100.7032018767596,
            -83.83799734468252,
            -74.45100369452543,
            -15.809262286744795,
            58.474304736591435,
            -141.23567329200677,
            -47.17123922685667,
            -235.45946566005142,
            -193.43898556927445,
            -287.3615612276868,
            -288.9200832131221,
            -291.85521493962807,
            -390.0130783877161,
            -462.1635704836151,
            -290.85458968963593,
            -328.3463444084696,
            -261.4342920826664,
            -384.9628850836383,
            -84.38320057230138,
            -100.7800365782868,
            -244.3571661928159,
            -146.56870944313965,
            -41.64674211828951,
            21.830937727879043,
            -338.7192806656022,
            -14.417280750525517,
            103.17636122396708,
            14.14856167497346,
            4.649549248694534,
            0
        ],
        [
            0,
            0,
            0,
            0,
            0,
            0,
            0,
            0,
            0,
            0,
            0,
            0,
            0,
            0,
            0,
            0,
            117.13617359408295,
            112.58307965051532,
            259.9990466218223,
            106.74620068592573,
            294.42062638296926,
            183.0711258763761,
            307.264467076462,
            375.95823450385205,
            279.3374597922418,
            345.41766790236983,
            390.4950095689775,
            446.63592524519584,
            489.76838086309704,
            589.9033704092127,
            705.1285010942719,
            489.345841602205,
            623.6259532597941,
            420.9857808722743,
            489.11704829494147,
            395.35272681311216,
            407.92920083920257,
            416.57793911575965,
            312.11566934406375,
            235.72209007299722,
            439.19384829346507,
            397.58347862198553,
            474.00609946254025,
            326.649297912071,
            667.31979729098,
            637.1153913781488,
            454.93325545159547,
            548.6900972283729,
            646.2966155462052,
            690.3326181964794,
            224.81124526419632,
            563.6169945239205,
            650.5628524944875,
            467.99754130809697,
            356.1980822724293,
            38.7277988593336
        ],
        [
            0,
            0,
            0,
            0,
            0,
            0,
            0,
            0,
            0,
            0,
            0,
            0,
            79.44979773524997,
            138.96803176611257,
            123.39830198566942,
            226.88937824041892,
            162.37860489788707,
            63.47386474062498,
            259.75579306057534,
            -10.502514996873995,
            233.16994377456635,
            56.52028692758227,
            192.9250522673169,
            246.2997578731768,
            99.07161706822887,
            156.5033527720522,
            189.52671405845203,
            236.77275543994878,
            269.7032260156967,
            369.885177808276,
            487.8102246017741,
            225.57055155498645,
            367.5387027710902,
            125.15098131400715,
            193.51328394525336,
            78.75727548217777,
            86.11328105822405,
            90.10631672661636,
            -32.60691868982332,
            -122.1645723680575,
            105.3601100937232,
            57.59422019702119,
            144.3067031295561,
            -19.63556122644247,
            368.05440628948566,
            339.7306524666905,
            141.97733911339645,
            257.91953795393437,
            381.3337504254718,
            447.8463240992446,
            -62.14208910027055,
            350.0119065499868,
            484.3798117045925,
            316.7873974718306,
            248.7110621688949,
            -65.9011044088621
        ],
        [
            0,
            0,
            0,
            0,
            0,
            0,
            0,
            0,
            0,
            0,
            42.571306414296956,
            203.27984984194933,
            184.9018033061167,
            97.13547122505831,
            3.3894566977946416,
            116.75815672322442,
            -8.852560669137596,
            -165.11420618864116,
            68.60064977626439,
            -293.1685839796809,
            -6.519759643789749,
            -239.3814984317773,
            -96.81067356169795,
            -62.272546405886644,
            -260.2476367128137,
            -216.62515306509215,
            -200.36450528984773,
            -166.83711770673165,
            -148.61514262666188,
            -53.39086183174415,
            62.3823235067301,
            -247.62096528142027,
            -102.5311593400749,
            -385.9409220584301,
            -320.7186128620678,
            -458.1787177082021,
            -458.25444797757496,
            -460.6965711077088,
            -602.1696064098383,
            -705.1560895268436,
            -455.4106923634911,
            -508.81810057660385,
            -411.61363324839004,
            -589.600239832069,
            -155.54086481017316,
            -179.00975855502278,
            -387.1936635595572,
            -245.49277527099574,
            -91.93824038206321,
            2.811616134387966,
            -538.0861151766202,
            -48.483054156344195,
            141.272152289084,
            3.198236009724142,
            -7.728127007612869,
            -289.1821554324883
        ],
        [
            0,
            0,
            0,
            0,
            0,
            0,
            0,
            0,
            0,
            45.91737524343137,
            282.1257743850342,
            545.8333010946797,
            515.842308557884,
            407.92992937928466,
            305.01112666124635,
            467.5266682430842,
            330.75197758440277,
            161.6397757177547,
            460.42972684999023,
            51.0299390265548,
            405.5492022913661,
            151.91946229094154,
            341.6296871992005,
            411.54012196029555,
            216.1173344618744,
            293.0536534233519,
            337.0963669614924,
            398.58459342719055,
            441.27284841274917,
            567.633072268589,
            714.7296703887793,
            390.3953172864285,
            566.7563256931824,
            270.17205019163936,
            355.50289443928483,
            216.83476577431566,
            227.22233787146092,
            233.23007475194194,
            85.38967486442893,
            -22.16329140987892,
            253.38700493659726,
            195.63325228183055,
            299.80890021941997,
            101.31779522184712,
            567.2308789275905,
            531.3268954583386,
            290.8098241986338,
            427.80160827182823,
            573.5029603947343,
            650.3195368299521,
            27.954944801061608,
            523.0442305168511,
            682.8198192904631,
            472.1612035568268,
            383.12432286874764,
            -44.81576667775744
        ],
        [
            0,
            0,
            0,
            0,
            0,
            0,
            0,
            0,
            0,
            -142.3266016309558,
            123.73453683547768,
            419.14611064839096,
            339.2396057503093,
            174.17080795295757,
            23.8734764430778,
            190.94381479825486,
            8.173819703843341,
            -207.44599676339237,
            116.04106234087692,
            -369.0259584839302,
            15.843966556835703,
            -287.28122510880644,
            -98.05835411780211,
            -50.82604713529137,
            -296.3358743614293,
            -237.6925503764504,
            -214.23646881242604,
            -170.38086637697225,
            -145.92214714296674,
            -28.76707933933531,
            112.0030371685506,
            -259.47319332242813,
            -84.04123886754275,
            -421.15993095646604,
            -341.6871456758043,
            -503.55777999336135,
            -502.08141266205394,
            -503.6161380734997,
            -669.6742378557283,
            -790.0497122387002,
            -494.49853989342665,
            -556.8343046105049,
            -442.04225521090586,
            -651.180391522843,
            -141.1836012466298,
            -169.2384161065747,
            -414.27951493761435,
            -248.88099096853196,
            -69.92257382873265,
            39.7453772823692,
            -597.0781195440093,
            -24.552761882792407,
            196.02473898304763,
            30.146834588588,
            12.842365154963325,
            -336.6005831588514
        ],
        [
            0,
            0,
            0,
            0,
            0,
            0,
            0,
            -45.91737524343137,
            142.3266016309558,
            0,
            353.0721112644909,
            714.7007739476967,
            628.6098581337455,
            447.4605577213666,
            287.0015157146561,
            488.8495059979172,
            293.67716780516787,
            63.637741113443745,
            437.1655621729677,
            -91.62101952779486,
            347.0370936592123,
            22.524620669729472,
            247.20616548613776,
            318.7691312006896,
            69.12681263766342,
            151.32724082693824,
            193.9149735513635,
            257.51476837681963,
            298.97107712116366,
            439.571950347589,
            604.3535244742499,
            215.5718379318424,
            415.649720881245,
            62.875466388314834,
            157.47153444727297,
            -8.429474241022248,
            0.05549922179213417,
            4.05650954442197,
            -169.60079466925725,
            -295.49933005990437,
            22.551779612349076,
            -44.26593051884959,
            76.71952224636377,
            -150.4816189196312,
            388.7996816044808,
            350.8455758943683,
            78.97997099374315,
            242.4330341921733,
            417.0514360982981,
            514.0666921484494,
            -187.36495759140396,
            392.58065689867436,
            590.9886556197957,
            370.7705813755162,
            295.1033177336964,
            -147.7483626048221
        ],
        [
            0,
            0,
            0,
            0,
            0,
            0,
            -42.571306414296956,
            -282.1257743850342,
            -123.73453683547768,
            -353.0721112644909,
            0,
            370.9767970215746,
            246.89136791473504,
            22.030177495600356,
            -177.0652620948583,
            18.556636577950687,
            -214.87850897393704,
            -483.8207900019954,
            -102.80227972877292,
            -689.7414273711026,
            -239.25610233404433,
            -604.7322600379737,
            -392.0764584692788,
            -350.678573201373,
            -648.5195736117856,
            -592.3091539692094,
            -576.6150209696433,
            -537.2105451559293,
            -519.6757596591717,
            -396.05617768399696,
            -245.52473176942505,
            -676.0720012889689,
            -484.9659837193617,
            -873.3339115479165,
            -789.4267807947541,
            -977.1100326531105,
            -979.5322997485449,
            -984.4580077198419,
            -1173.2960254154623,
            -1309.444778999046,
            -977.8336608776119,
            -1046.614347794019,
            -915.7411665151812,
            -1145.8775196815131,
            -570.8092917074472,
            -595.5412196643817,
            -860.1360858812333,
            -665.1127217201292,
            -453.0995405481674,
            -315.82904570753226,
            -1002.1576126877935,
            -345.62603212852355,
            -75.35089399008642,
            -223.3072865104982,
            -197.372838396737,
            -493.07421559004473
        ],
        [
            0,
            0,
            0,
            0,
            0,
            0,
            -203.27984984194933,
            -545.8333010946797,
            -419.14611064839096,
            -714.7007739476967,
            -370.9767970215746,
            0,
            -153.77706466651705,
            -411.98024662970704,
            -641.1969186352261,
            -454.95379518914217,
            -718.1541151465557,
            -1017.2272504678929,
            -636.4576899243136,
            -1265.7674891028719,
            -812.506429364536,
            -1209.1416664594778,
            -1011.1584281342302,
            -998.1073762029653,
            -1335.6010396398674,
            -1304.2713709853326,
            -1313.647207120719,
            -1297.155668759287,
            -1301.9392979013555,
            -1195.6968698401656,
            -1060.3197880206258,
            -1523.444157460262,
            -1343.1098804770816,
            -1759.0418993097592,
            -1685.9737993732654,
            -1891.1335076287378,
            -1903.3660611243308,
            -1916.1775115320233,
            -2116.2710240268693,
            -2259.741561960368,
            -1919.262264061051,
            -1988.3736688438562,
            -1849.2650617337385,
            -2078.418753454469,
            -1476.3852515367207,
            -1487.441571413387,
            -1740.7615901794684,
            -1517.4115164707302,
            -1271.6278692565938,
            -1096.715782954322,
            -1758.3288807814295,
            -1035.8958416761243,
            -698.6488243855396,
            -773.0094411067004,
            -646.0167075320297,
            -786.824973949186
        ],
        [
            0,
            0,
            0,
            0,
            0,
            -79.44979773524997,
            -184.9018033061167,
            -515.842308557884,
            -339.2396057503093,
            -628.6098581337455,
            -246.89136791473504,
            153.77706466651705,
            0,
            -262.83461856367666,
            -494.5582273162571,
            -291.5871964960764,
            -558.6007778113099,
            -862.5840924153706,
            -458.3245120606159,
            -1105.7808680849168,
            -627.2728569059611,
            -1032.3186952339581,
            -816.6801576627184,
            -790.4748751011879,
            -1127.8751898713972,
            -1083.9457812664004,
            -1082.8231423301315,
            -1055.6335393637855,
            -1051.065239332058,
            -932.5870597586293,
            -784.7996430577305,
            -1254.6539556299815,
            -1061.8073416517263,
            -1483.8954984242787,
            -1402.9016905460185,
            -1609.050203918687,
            -1617.3003264894462,
            -1626.9203960690725,
            -1829.9431252428465,
            -1975.4963559083888,
            -1624.505914198067,
            -1695.5179376177362,
            -1553.6662965894934,
            -1791.1238943633814,
            -1176.5554889082498,
            -1192.7652593042992,
            -1458.82795107228,
            -1237.7294212271388,
            -995.7492037740843,
            -828.7526264934776,
            -1519.4390678369452,
            -798.6547954080811,
            -476.35933012615965,
            -578.2417639588972,
            -482.4444840378471,
            -655.5468929881191
        ],
        [
            0,
            0,
            0,
            0,
            0,
            -138.96803176611257,
            -97.13547122505831,
            -407.92992937928466,
            -174.17080795295757,
            -447.4605577213666,
            -22.030177495600356,
            411.98024662970704,
            262.83461856367666,
            0,
            -229.80775714507843,
            -6.35528913660785,
            -272.93853941357617,
            -577.6712494089836,
            -146.58155699776478,
            -807.8837391118032,
            -300.97132582916834,
            -710.5483716270396,
            -472.28566937515905,
            -426.32897837248436,
            -757.0710060737584,
            -694.5502750824883,
            -677.2046911942228,
            -633.9135655111845,
            -614.8888020762429,
            -479.46316062046304,
            -314.905897088873,
            -787.114475600494,
            -578.1389008385402,
            -1002.7851810846479,
            -910.9668198667238,
            -1115.4555725617004,
            -1117.6393004144784,
            -1122.4561588281838,
            -1327.1742991697372,
            -1474.1432362021303,
            -1112.8841176074634,
            -1186.3729833254536,
            -1043.1783467163423,
            -1290.7758572427101,
            -667.0005377030161,
            -692.0688522198484,
            -975.3119177638457,
            -762.4811994983883,
            -531.6531828474846,
            -381.3605821461537,
            -1110.3818659828123,
            -404.92374289729617,
            -113.70361995924237,
            -262.2862355012351,
            -223.84931303022455,
            -464.754979150634
        ],
        [
            0,
            0,
            0,
            0,
            0,
            -123.39830198566942,
            -3.3894566977946416,
            -305.01112666124635,
            -23.8734764430778,
            -287.0015157146561,
            177.0652620948583,
            641.1969186352261,
            494.5582273162571,
            229.80775714507843,
            0,
            241.5761547443429,
            -26.3261303376205,
            -333.48331948284107,
            122.13742582327299,
            -554.2779417629985,
            -21.172946434259345,
            -436.68941777909083,
            -178.4940926678572,
            -115.99705374131133,
            -442.8697549794232,
            -364.65219607219046,
            -333.792770717454,
            -276.9739602768806,
            -245.90396720124875,
            -95.86222191235609,
            83.26520413695917,
            -392.9866060188157,
            -169.8067667652534,
            -598.4185043018966,
            -497.31588857991227,
            -701.3451663849091,
            -698.6047233133758,
            -699.5757183018084,
            -906.6278512662958,
            -1055.4765811250004,
            -684.5325330770676,
            -760.5646719853061,
            -616.0024082146145,
            -873.1542065798791,
            -240.00198622806587,
            -272.93595597935916,
            -571.7686684758145,
            -365.71266000385435,
            -144.18289279430724,
            -8.215213459555127,
            -771.2978518257396,
            -78.52421632230227,
            185.46169061672248,
            -4.021159124548635,
            -16.55886047652938,
            -312.6211002318139
        ],
        [
            0,
            0,
            0,
            0,
            0,
            -226.88937824041892,
            -116.75815672322442,
            -467.5266682430842,
            -190.94381479825486,
            -488.8495059979172,
            -18.556636577950687,
            454.95379518914217,
            291.5871964960764,
            6.35528913660785,
            -241.5761547443429,
            0,
            -286.3950066601459,
            -612.7135963782445,
            -149.53640589081664,
            -856.7301586819077,
            -313.666416923393,
            -750.2759644694121,
            -494.8505669145328,
            -444.6642226158246,
            -794.9206752627357,
            -727.1774047656604,
            -707.6061247797268,
            -660.7246107929694,
            -639.6850227790394,
            -495.7613098534262,
            -321.3644564028708,
            -819.1022852124731,
            -597.98694071022,
            -1044.8473883824045,
            -947.3340563034076,
            -1161.8157615870384,
            -1163.2931275937353,
            -1167.5625032459393,
            -1381.8466362450858,
            -1535.2432221231113,
            -1155.2035422869037,
            -1231.479591711719,
            -1080.5990773784915,
            -1339.0017609272445,
            -685.541814321684,
            -711.206149735699,
            -1006.1260181507148,
            -783.199211109297,
            -542.0907241016967,
            -385.3490885975322,
            -1138.6221858585693,
            -407.87630765878464,
            -108.14438080610603,
            -257.73859656407393,
            -213.78814812079543,
            -385.3283795191108
        ],
        [
            0,
            0,
            0,
            0,
            -117.13617359408295,
            -162.37860489788707,
            8.852560669137596,
            -330.75197758440277,
            -8.173819703843341,
            -293.67716780516787,
            214.87850897393704,
            718.1541151465557,
            558.6007778113099,
            272.93853941357617,
            26.3261303376205,
            286.3950066601459,
            0,
            -327.4174132578873,
            160.3476220327796,
            -560.1213341503136,
            9.113541527849593,
            -432.0702809190285,
            -155.93885615204124,
            -87.817006080627,
            -432.3814516756888,
            -347.6838113127308,
            -313.34493273942223,
            -251.77913920377065,
            -217.58250597896907,
            -58.14177071732372,
            131.6090243110653,
            -368.76426727322365,
            -132.90100776362263,
            -582.5678134518134,
            -475.30682665389855,
            -688.637258352778,
            -684.8569517539671,
            -685.076771284069,
            -901.3790147389226,
            -1056.5507995365488,
            -667.5688499505375,
            -746.7280095124914,
            -595.3330998278892,
            -863.7544663396473,
            -203.06248089332377,
            -237.96039482074443,
            -549.615697048364,
            -335.9459244035592,
            -107.16599885462068,
            31.81132258637575,
            -756.7614995452868,
            -45.54676864172697,
            219.83673685445737,
            22.637048312438278,
            4.352939268852319,
            -225.36971516844017
        ],
        [
            0,
            0,
            0,
            0,
            -112.58307965051532,
            -63.47386474062498,
            165.11420618864116,
            -161.6397757177547,
            207.44599676339237,
            -63.637741113443745,
            483.8207900019954,
            1017.2272504678929,
            862.5840924153706,
            577.6712494089836,
            333.48331948284107,
            612.7135963782445,
            327.4174132578873,
            0,
            512.8551911001858,
            -219.56107660676935,
            376.2928874471234,
            -68.37132670568778,
            229.4883133731204,
            317.05026499687335,
            -20.14769016884023,
            82.86749882217362,
            133.29376390401106,
            210.77235868632067,
            259.2864008490568,
            435.2515051205393,
            641.2535875993241,
            139.39886010897789,
            390.6757261800295,
            -60.884304030122955,
            56.623717931147006,
            -155.0100548497435,
            -145.68119482461137,
            -141.7054568882111,
            -359.9076738475579,
            -516.9353114191778,
            -119.62366356047329,
            -202.18169710828917,
            -51.170439807195685,
            -330.44042290471793,
            335.6407337948916,
            289.89989541871194,
            -40.17433224041119,
            161.63991440613253,
            374.94173189207265,
            492.46525864513785,
            -334.3440404524623,
            350.8721804549957,
            574.4472971678929,
            320.984720134476,
            225.9991384960373,
            -84.5317354278657
        ],
        [
            0,
            0,
            0,
            0,
            -259.9990466218223,
            -259.75579306057534,
            -68.60064977626439,
            -460.42972684999023,
            -116.04106234087692,
            -437.1655621729677,
            102.80227972877292,
            636.4576899243136,
            458.3245120606159,
            146.58155699776478,
            -122.13742582327299,
            149.53640589081664,
            -160.3476220327796,
            -512.8551911001858,
            0,
            -768.0998940180228,
            -169.6706672802565,
            -640.6993486335123,
            -355.05613695569053,
            -291.3662917654165,
            -662.2886071001318,
            -580.2929546500758,
            -551.0749057904632,
            -492.94401176866637,
            -463.2595850564103,
            -301.8194896191212,
            -108.39355785658702,
            -637.8730676434643,
            -395.2813934225037,
            -869.9292394195132,
            -760.9941092320922,
            -986.7618403092533,
            -984.8592953748903,
            -986.506296827687,
            -1212.9373023734172,
            -1374.5910545630272,
            -968.2248750383771,
            -1049.006125559621,
            -888.8733128693993,
            -1164.2680609864142,
            -473.4514309080843,
            -504.1767593564516,
            -819.857160494763,
            -590.0462190129074,
            -343.72914682273375,
            -188.86519367160415,
            -981.1474621047593,
            -236.1946204925157,
            52.60998525215265,
            -118.15023650468571,
            -96.90916445891709,
            0
        ],
        [
            0,
            0,
            0,
            0,
            -106.74620068592573,
            10.502514996873995,
            293.1685839796809,
            -51.0299390265548,
            369.0259584839302,
            91.62101952779486,
            689.7414273711026,
            1265.7674891028719,
            1105.7808680849168,
            807.8837391118032,
            554.2779417629985,
            856.7301586819077,
            560.1213341503136,
            219.56107660676935,
            768.0998940180228,
            0,
            635.1058676865514,
            171.68657479435387,
            494.1258522133226,
            596.9270358121229,
            252.59597722970219,
            370.74857303391707,
            433.02442217405763,
            523.0624075170911,
            582.1095646723372,
            773.9771179282615,
            996.4715001484782,
            477.9460365805369,
            746.4689645656058,
            279.96677784752836,
            407.32422475303423,
            190.440392927336,
            203.41909033243311,
            209.98875925143017,
            -15.665879938782188,
            -178.28093736970396,
            234.74211729649707,
            147.4974766355691,
            301.6717521601657,
            8.117052019162124,
            692.8505269151485,
            638.007352453071,
            287.92298994544234,
            485.0808979925793,
            690.615529458747,
            793.6331104172654,
            -70.45001977778671,
            601.3394025044402,
            790.8064890844053,
            491.3586159721206,
            326.80128615492754,
            0
        ],
        [
            0,
            0,
            0,
            -2.004435558435599,
            -294.42062638296926,
            -233.16994377456635,
            6.519759643789686,
            -405.5492022913661,
            -15.843966556835703,
            -347.0370936592138,
            239.25610233404433,
            812.5064293645331,
            627.2728569059611,
            300.97132582916834,
            21.172946434259345,
            313.666416923393,
            -9.113541527849593,
            -376.2928874471234,
            169.6706672802565,
            -635.1058676865514,
            0,
            -491.09015207702896,
            -183.8779480626702,
            -108.47115550511609,
            -489.4436149107509,
            -395.5359572272058,
            -357.46794524957215,
            -289.62713591266294,
            -252.04419156217546,
            -77.2709296719016,
            130.24988503437058,
            -417.35924268061837,
            -159.52410082902668,
            -650.1379442841239,
            -532.7169329438532,
            -764.4638190156079,
            -759.5866093277697,
            -758.9943623194973,
            -992.6212144788686,
            -1159.2958820891824,
            -736.980554183406,
            -821.1521645114725,
            -656.4245448530951,
            -943.4854560842758,
            -232.3882444270169,
            -268.7810937316577,
            -599.6887986608206,
            -369.9721530241678,
            -125.9801943553565,
            21.181431262051554,
            -796.6153855908289,
            -56.84491612011895,
            210.21140521297986,
            14.178568394673196,
            -1.206730446289614,
            0
        ],
        [
            0,
            0,
            0,
            64.11456085053723,
            -183.0711258763761,
            -56.52028692758227,
            239.3814984317773,
            -151.91946229094154,
            287.28122510880644,
            -22.524620669729472,
            604.7322600379737,
            1209.1416664594778,
            1032.3186952339581,
            710.5483716270396,
            436.68941777909083,
            750.2759644694121,
            432.0702809190285,
            68.37132670568778,
            640.6993486335123,
            -171.68657479435387,
            491.0901520770281,
            0,
            331.8305277707661,
            431.0856962781915,
            62.58631040168338,
            178.76084248702188,
            236.7522248407955,
            324.0484461112711,
            379.2969481568649,
            573.4154355972546,
            799.6584088133885,
            254.18465969506872,
            529.1850403853158,
            39.56604701028726,
            168.5668740516544,
            -59.812528252812065,
            -48.60385490306341,
            -43.45853669016752,
            -278.5513876438771,
            -447.26607395209084,
            -18.80692651090444,
            -107.90914412731141,
            53.56632997372061,
            -246.61410157960816,
            463.6328700458456,
            411.5336071966966,
            57.47712535238837,
            267.17618124387735,
            485.7260766902771,
            599.8172688128756,
            -263.5099700622505,
            428.2690234244707,
            628.2954080214083,
            347.13119032882616,
            196.3939615104807,
            0
        ],
        [
            0,
            0,
            0,
            29.58982250186008,
            -307.2644670764561,
            -192.9250522673169,
            96.81067356169869,
            -341.6296871992025,
            98.05835411780211,
            -247.20616548613685,
            392.0764584692788,
            1011.1584281342331,
            816.6801576627184,
            472.28566937515905,
            178.4940926678572,
            494.8505669145328,
            155.93885615204124,
            -229.4883133731204,
            355.05613695569053,
            -494.1258522133226,
            183.8779480626702,
            -331.8305277707666,
            0,
            88.00146267311317,
            -306.242434950266,
            -199.38142350785978,
            -151.95077778740284,
            -73.67182744260481,
            -27.75694725569255,
            161.84736192707763,
            385.1291434241837,
            -184.85844443134084,
            90.1822162676196,
            -420.0429190166396,
            -293.30246765922794,
            -532.6863646451275,
            -524.8545291236461,
            -522.1147145575487,
            -764.4934168208337,
            -937.2532540998003,
            -496.81428913112103,
            -585.0889594155924,
            -415.34873440181826,
            -715.6398055702696,
            17.65972206537467,
            -25.433805287535698,
            -373.059789723426,
            -144.23871602631633,
            95.7434976376593,
            232.58099748914384,
            -607.4578851983663,
            117.99882735175353,
            352.18898914307925,
            126.23178022845917,
            50.530357407142205,
            0
        ],
        [
            0,
            0,
            0,
            18.919692632889525,
            -375.95823450385205,
            -246.2997578731768,
            62.272546405886644,
            -411.54012196029555,
            50.82604713529137,
            -318.7691312006896,
            350.678573201373,
            998.1073762029653,
            790.4748751011879,
            426.32897837248436,
            115.99705374131133,
            444.6642226158246,
            87.817006080627,
            -317.05026499687335,
            291.3662917654165,
            -596.9270358121229,
            108.47115550511609,
            -431.0856962781915,
            -88.00146267311317,
            0,
            -413.4737644986154,
            -305.4492393264579,
            -259.1310762008587,
            -180.68404079609826,
            -135.72155979201185,
            58.34275343742243,
            287.2832142442453,
            -305.29492808447895,
            -22.410397418372302,
            -551.8744405678154,
            -421.9971117154053,
            -670.2527812007337,
            -662.6596024055249,
            -660.0066935923112,
            -909.6865620037723,
            -1086.8444334473963,
            -632.2525509031038,
            -721.5610967156192,
            -545.2586799472866,
            -850.663246718941,
            -96.71308278134593,
            -137.83647371546965,
            -488.21174752943966,
            -250.28764135089085,
            -1.7869373731616998,
            141.5343914466977,
            -688.7875898635683,
            41.401292590136904,
