{
    "bin_ranges": {
        "m3pi_lower_limit": 2.38,
        "m3pi_upper_limit": 2.42,
        "t_lower_limit": 0.326,
        "t_upper_limit": 1
    },
    "info": "The dalitz matrix M is computed as sqrt(-Kibble) * (A[1]-A[2])",
    "bin_centers": [
        0.29900000000000004,
        0.33999999999999997,
        0.38,
        0.42000000000000004,
        0.45999999999999996,
        0.5,
        0.54,
        0.5800000000000001,
        0.62,
        0.66,
        0.69,
        0.71,
        0.73,
        0.75,
        0.77,
        0.79,
        0.81,
        0.83,
        0.85,
        0.87,
        0.89,
        0.91,
        0.94,
        0.98,
        1.02,
        1.06,
        1.1,
        1.1400000000000001,
        1.18,
        1.22,
        1.26,
        1.3,
        1.34,
        1.38,
        1.42,
        1.46,
        1.5,
        1.54,
        1.58,
        1.62,
        1.66,
        1.7,
        1.74,
        1.78,
        1.82,
        1.8599999999999999,
        1.9,
        1.94,
        1.98,
        2.02,
        2.06,
        2.1,
        2.14,
        2.18,
        2.22,
        2.26
    ],
    "real(M)": [
        [
            0,
            0,
            0,
            0,
            0,
            0,
            0,
            0,
            0,
            0,
            0,
            0,
            0,
            0,
            0,
            0,
            0,
            0,
            0,
            0,
            0,
            0,
            0,
            0,
            0,
            0,
            0,
            0,
            0,
            0,
            0,
            0,
            0,
            73.53232309485307,
            155.62665259082414,
            193.85899961240074,
            234.59956598251313,
            251.27876662682974,
            193.66410647774757,
            233.29317231396328,
            257.04871122482234,
            370.59489641021446,
            366.1590696970505,
            324.7482783586005,
            334.08062600388854,
            313.32648032088883,
            206.43696523455927,
            140.5196777377071,
            0,
            0,
            0,
            0,
            0,
            0,
            0,
            0
        ],
        [
            0,
            0,
            0,
            0,
            0,
            0,
            0,
            0,
            0,
            0,
            0,
            0,
            0,
            0,
            0,
            0,
            0,
            0,
            0,
            0,
            0,
            0,
            0,
            0,
            0,
            0,
            0,
            180.68061809492522,
            335.29686428088365,
            396.0685539932027,
            448.72442361610354,
            460.39793641480713,
            596.7779803999442,
            618.8687184100053,
            660.7084948961597,
            670.9267029918708,
            714.9827248253561,
            719.8016112363515,
            591.16316290448,
            657.9334984508783,
            696.6678946864481,
            902.8391675942283,
            898.4829232207892,
            832.0973849628542,
            871.1755694607033,
            870.5383692360219,
            701.8918696940312,
            685.3817441192562,
            451.1577733981456,
            450.1606755328328,
            498.08229505021706,
            223.81806274451642,
            0,
            0,
            0,
            0
        ],
        [
            0,
            0,
            0,
            0,
            0,
            0,
            0,
            0,
            0,
            0,
            0,
            0,
            0,
            0,
            0,
            0,
            0,
            0,
            0,
            0,
            0,
            0,
            0,
            13.30990808233099,
            40.62751614442963,
            32.05443097259141,
            33.98310803852579,
            32.93841795944203,
            77.57906731678447,
            21.773418038858033,
            -3.608211517635453,
            -71.0820984090032,
            63.0484408616936,
            34.48990992055959,
            43.306558009134484,
            15.54919282367324,
            41.269790387019114,
            19.98188224287782,
            -173.1445344187379,
            -98.11424167266742,
            -54.66634143237688,
            217.06995805580146,
            217.23959726379303,
            143.22842421093137,
            218.99819003983436,
            253.25596429868932,
            70.87948496558934,
            111.08186914892501,
            -142.81618338445506,
            -33.21305012712843,
            248.64903852034752,
            227.56272480728268,
            -58.13260809347952,
            0,
            0,
            0
        ],
        [
            0,
            0,
            0,
            0,
            0,
            0,
            0,
            0,
            0,
            0,
            0,
            0,
            0,
            0,
            0,
            0,
            0,
            0,
            0,
            5.961984174090934,
            18.090959253766805,
            -30.129016143869116,
            54.06778734124111,
            95.01388729918207,
            124.25624083816594,
            101.46431118647436,
            104.32003729688263,
            104.27805862046932,
            167.1217007898052,
            93.92951820259242,
            63.633528803651814,
            -19.542376554418034,
            153.40049547231132,
            119.31845301373212,
            132.00354526885405,
            99.30771747716027,
            132.27287760634488,
            107.35995929753591,
            -126.67549901111063,
            -34.47084205405407,
            18.699494557654038,
            347.8964118724272,
            347.79840566958865,
            257.5584457326205,
            348.8893548739153,
            390.00410230024073,
            165.61527378767713,
            213.20355028953603,
            -106.89201791483183,
            25.107393208115262,
            389.6143499742352,
            373.49608878353865,
            -50.90044516936482,
            127.23309099676642,
            0,
            0
        ],
        [
            0,
            0,
            0,
            0,
            0,
            0,
            0,
            0,
            0,
            0,
            0,
            0,
            0,
            0,
            0,
            -61.439143877618754,
            -61.267648506216986,
            -123.13511013051445,
            -119.91383451666466,
            -77.09947671004302,
            -74.67751018891781,
            -180.81765284522976,
            -54.92798034034583,
            -21.764011592101124,
            -5.178086156226217,
            -54.6742639064335,
            -67.1843150323295,
            -81.4982971181206,
            -17.347235247526125,
            -118.25756246696129,
            -164.87444347219858,
            -272.9596976373514,
            -75.82086814589069,
            -123.80511274126448,
            -115.66340691234552,
            -159.78917348260097,
            -126.2304119793189,
            -159.26961798313005,
            -434.105268915344,
            -328.86126821221086,
            -268.11578724341587,
            113.28787622867542,
            114.45011121365357,
            12.601778667415127,
            122.70658703254165,
            176.53380843326732,
            -76.62401979845977,
            -11.301346908789972,
            -375.11986225649775,
            -205.8782397575829,
            249.27196868869666,
            261.14255658620385,
            -235.27785679244167,
            52.927264053622686,
            -256.06581707551294,
            0
        ],
        [
            0,
            0,
            0,
            0,
            0,
            0,
            0,
            0,
            0,
            0,
            0,
            0,
            -157.30859777674718,
            -126.79474692022634,
            -345.80863773863956,
            -275.7776055805819,
            -209.0087687731641,
            -301.59442139389967,
            -287.1254926809225,
            -223.74936512394467,
            -223.4190777280152,
            -367.8534338034899,
            -208.7328559986889,
            -177.61840523666757,
            -168.12442254124576,
            -237.75089889679964,
            -261.5071463937636,
            -286.61210505104765,
            -219.62908782464157,
            -344.1067206636623,
            -404.32860160608556,
            -534.1266967702089,
            -313.7770702247435,
            -373.64082769309834,
            -368.8674553906525,
            -422.8422851478325,
            -388.0786074082928,
            -428.09201492569355,
            -740.3629171032246,
            -622.5791561602887,
            -554.4450937171999,
            -124.30964835883015,
            -121.8517021183631,
            -234.40766863266728,
            -107.03821889600125,
            -41.73727343040773,
            -321.54300973365343,
            -240.42399183459437,
            -644.0613257972732,
            -441.7541830301416,
            92.2724853283436,
            125.98718496222787,
            -432.248870976377,
            -61.13563209409377,
            -473.00335725383695,
            0
        ],
        [
            0,
            0,
            0,
            0,
            0,
            0,
            0,
            0,
            0,
            -8.60910665463362,
            -147.47087008889926,
            -160.3216742748819,
            -298.8688184563471,
            -147.7688845522613,
            -444.3969028536227,
            -303.93489686456235,
            -190.84331994705116,
            -295.7428274857164,
            -262.42915604968545,
            -171.68836194258395,
            -161.9966876235293,
            -328.0546177174969,
            -125.27185914506921,
            -76.30984057532447,
            -54.72661702438485,
            -125.3556105514351,
            -143.35562010938403,
            -163.41058127780894,
            -79.82458508575411,
            -213.16773600153215,
            -274.05405440570763,
            -413.1133430068868,
            -160.9327121144772,
            -222.82267589264842,
            -213.10532970298343,
            -269.2839760470391,
            -227.40460973142467,
            -269.1402694930353,
            -613.0198021640954,
            -481.01139973581746,
            -404.84333547781756,
            70.73581304700708,
            72.45966296218235,
            -53.74198284082527,
            84.32146118995325,
            152.82303937747727,
            -161.38379204912152,
            -77.82606297599472,
            -532.8253617501157,
            -318.5403706286856,
            263.7189005100609,
            288.40542167972404,
            -357.202235788078,
            38.20954488196396,
            -502.38352796759233,
            0
        ],
        [
            0,
            0,
            0,
            0,
            0,
            0,
            0,
            0,
            -64.32859554414085,
            -94.05928850066812,
            -254.01259976879516,
            -242.15097462294221,
            -415.098881562708,
            -201.09608209514568,
            -569.7778401809649,
            -384.63929255180363,
            -241.81755374214328,
            -364.4979482106699,
            -321.7958128144648,
            -213.30877982450238,
            -201.02564969534484,
            -391.8796194437649,
            -157.46185137757075,
            -101.57833943699039,
            -77.51307279936145,
            -157.15603751879823,
            -177.3768469288606,
            -199.79838112854011,
            -107.21875665426663,
            -255.06162492475397,
            -322.2848547713559,
            -475.36849327993497,
            -197.81728428995422,
            -265.92991026552005,
            -255.33806626134972,
            -316.92629708951534,
            -271.08493511618155,
            -316.7062949321496,
            -692.2560477165658,
            -547.8046828266728,
            -464.4328021312445,
            54.396597425329375,
            56.366374933358635,
            -80.96012836889282,
            69.75050210101212,
            144.75146986845124,
            -196.9604836836284,
            -105.3167380084281,
            -600.3393704315331,
            -366.07406996447304,
            270.2189710193413,
            299.1406871371049,
            -406.0168400705201,
            30.184711083428905,
            -574.7967995295547,
            0
        ],
        [
            0,
            0,
            0,
            0,
            0,
            0,
            0,
            64.32859554414085,
            0,
            108.87066984159567,
            -44.44584179540704,
            7.020863048247857,
            -172.6588918288241,
            114.72855972134177,
            -295.2629099663892,
            -51.69535673492099,
            136.7862692393884,
            17.045005949067477,
            86.43930022802932,
            228.82866333468385,
            260.78668623538397,
            63.87757904742318,
            351.83543346852844,
            445.1110881448017,
            500.785545603429,
            440.3260195092783,
            444.09513255285907,
            443.9842027245534,
            568.1313100453403,
            428.003338832534,
            374.6777855870085,
            226.56487937630527,
            545.0149161818038,
            485.9866620994742,
            510.6748429337381,
            455.349489780017,
            514.4685666904147,
            472.60818603812504,
            72.21020686405893,
            231.56490268124867,
            322.394853602396,
            880.2238994913271,
            877.4902014233518,
            721.6329101095652,
            872.846329649917,
            938.7487927162464,
            551.9960818176969,
            627.1164150292523,
            65.85613321323736,
            282.74826312291617,
            923.8972689795136,
            902.3758575688016,
            79.62992221745256,
            463.3283800058236,
            -304.523670646555,
            0
        ],
        [
            0,
            0,
            0,
            0,
            0,
            0,
            8.60910665463362,
            94.05928850066812,
            -108.87066984159567,
            0,
            -204.82789558661514,
            -154.20025483219283,
            -372.40595620319607,
            -50.70216819037691,
            -527.132835373091,
            -258.8121080869452,
            -55.50263708287262,
            -198.43485323429593,
            -129.41439283705463,
            20.25434108160617,
            47.11674204081156,
            -178.2398922157221,
            127.02573912707716,
            213.79542155891286,
            259.89180904965315,
            180.28976662651579,
            171.60734796052174,
            159.54116408027113,
            282.65433682148523,
            120.79806386741829,
            53.75305819048098,
            -114.47028561954826,
            220.4672210939733,
            149.76366342067635,
            169.9453507580491,
            105.09344376815845,
            163.98876335788484,
            115.53780001957533,
            -315.84988574496384,
            -146.47589683552354,
            -49.46942508626111,
            547.9454271086083,
            547.0203855658409,
            384.0121711701826,
            550.5023354649699,
            627.5242234097026,
            223.88432712258165,
            314.9500410651215,
            -268.8103860044745,
            -21.223931547381902,
            679.6652068361161,
            680.3410249743332,
            -159.56031972359628,
            283.6324783412963,
            -456.20690614396506,
            0
        ],
        [
            0,
            0,
            0,
            0,
            0,
            0,
            147.47087008889926,
            254.01259976879516,
            44.44584179540704,
            204.82789558661514,
            0,
            71.44991360989036,
            -152.7869445602029,
            212.3401770195701,
            -291.42557376339687,
            12.508008925955725,
            244.0424960983574,
            102.01167251172632,
            187.5371432281536,
            358.7008170724876,
            397.8330753649601,
            167.64661584963173,
            507.72812997727675,
            618.4500311209533,
            684.8115610346372,
            617.1440497607341,
            623.7855890899035,
            625.9881441746687,
            769.8388476404858,
            612.3357386717518,
            553.959425325425,
            388.27725101055466,
            750.6523774090515,
            685.4116668647057,
            714.5483100762126,
            653.2578259762237,
            720.5681383645463,
            673.9739987327736,
            224.80707888279494,
            403.7084131134642,
            505.08668199727276,
            1128.2092348466633,
            1123.1228224789054,
            946.5602367060291,
            1112.1326068542546,
            1181.5692208670794,
            746.5674489962348,
            824.708088758295,
            196.15400971715462,
            429.39541107362885,
            1127.226522926197,
            1089.416046549967,
            174.36947406029572,
            568.9405335200782,
            -261.39474024933355,
            0
        ],
        [
            0,
            0,
            0,
            0,
            0,
            0,
            160.3216742748819,
            242.15097462294221,
            -7.020863048247857,
            154.20025483219283,
            -71.44991360989036,
            0,
            -240.6418572913168,
            139.96321395864,
            -392.91786758832836,
            -77.55845203071101,
            161.09632964879302,
            9.006611707278497,
            94.7966756105291,
            269.73801175476154,
            306.9876026490836,
            64.14043921072043,
            412.8541750982957,
            521.4135713008486,
            584.1368460308792,
            508.3100698914145,
            509.8552809804178,
            507.1416428417474,
            651.1498435467907,
            484.0480323333594,
            419.7824507260976,
            245.1644469890296,
            615.7415564239387,
            545.4333655156976,
            572.8188097744372,
            507.37702079718485,
            574.8410264446171,
            525.3724120417546,
            61.92777473480606,
            245.60697492702045,
            349.9012492984986,
            991.257814226678,
            986.8538631977052,
            806.8157492174389,
            979.0536390985013,
            1053.1297191946887,
            610.2063904768227,
            694.9960063025945,
            56.46045969665927,
            302.63999794505895,
            1024.5893781455404,
            994.8725596961655,
            75.15311487160359,
            490.31127097245013,
            -312.1389404495665,
            0
        ],
        [
            0,
            0,
            0,
            0,
            0,
            157.30859777674718,
            298.8688184563471,
            415.098881562708,
            172.6588918288241,
            372.40595620319607,
            152.7869445602029,
            240.6418572913168,
            0,
            410.84557229664665,
            -135.4024213718555,
            205.40666716251397,
            464.96482734191613,
            316.7124030837803,
            416.0202081993295,
            607.5693485863983,
            655.590733191092,
            412.68312489276053,
            787.7009051065394,
            916.9687254577984,
            997.8231546837566,
            934.585185933542,
            950.6037960447127,
            961.4217058426062,
            1122.7979318530558,
            962.3476344231482,
            907.17666307105,
            737.4387034760514,
            1128.4025575135931,
            1064.150699841203,
            1099.4423858189562,
            1038.0904405987135,
            1112.304822537655,
            1064.9855005305997,
            590.8223278077334,
            780.5192673095472,
            887.0093702918927,
            1543.2837160064792,
            1534.3738015400347,
            1343.2516829372285,
            1511.403993992972,
            1576.2936203437096,
            1108.6385341740224,
            1178.6820902123632,
            505.0658885927014,
            732.3678707597114,
            1438.7586005303733,
            1369.8049495781072,
            388.7094766850965,
            744.5860282162038,
            -138.61036115864704,
            0
        ],
        [
            0,
            0,
            0,
            0,
            0,
            126.79474692022634,
            147.7688845522613,
            201.09608209514568,
            -114.72855972134177,
            50.70216819037691,
            -212.3401770195701,
            -139.96321395864,
            -410.84557229664665,
            0,
            -587.6343629649393,
            -249.73361788392646,
            3.2825863963475874,
            -167.40752999595037,
            -80.44133080531549,
            102.42496985840116,
            136.68770072405192,
            -129.96654544104445,
            236.29256063519216,
            341.80040494982495,
            398.54460650450466,
            307.9090597467841,
            300.5095063008535,
            289.13962484601774,
            434.27596971420627,
            249.32736680115187,
            174.36021833488562,
            -16.91177996583355,
            370.18774248519526,
            290.6317305967503,
            315.148470884173,
            242.14850122594117,
            310.33445909965167,
            255.69060166190124,
            -234.93910113668153,
            -41.74719028235403,
            68.40687029643142,
            744.8878202946703,
            741.8572660510418,
            555.2276905669579,
            740.1031103297391,
            822.8520731914114,
            365.0037417090665,
            462.18226594341155,
            -194.45739736058053,
            75.75901582588519,
            840.7157462291292,
            825.0331272828018,
            -98.24827114179325,
            350.3763269622799,
            -371.5255538366667,
            0
        ],
        [
            0,
            0,
            0,
            0,
            0,
            345.80863773863956,
            444.3969028536227,
            569.7778401809649,
            295.2629099663892,
            527.132835373091,
            291.42557376339687,
            392.91786758832836,
            135.4024213718555,
            587.6343629649393,
            0,
            374.1957589319418,
            658.9636849110038,
            503.56824090111917,
            614.7471178247819,
            824.5175179040071,
            879.8784625616087,
            623.731843976015,
            1030.5018571065175,
            1175.4765964189467,
            1268.2779610903656,
            1207.4412172917475,
            1230.693719109335,
            1248.1042782789586,
            1424.713203576014,
            1259.9305483257008,
            1206.419665190318,
            1031.4656700417947,
            1448.6033829348792,
            1384.143905175881,
            1424.2639228800117,
            1361.8820498030561,
            1441.8106477916451,
            1393.0135586594147,
            894.4007298242028,
            1093.797702083088,
            1204.6547849528738,
            1891.7672424504606,
            1878.8167999374089,
            1673.6936693729842,
            1843.8915766905116,
            1904.1607237410778,
            1406.2037886144194,
            1468.430556321492,
            754.1996609665539,
            975.4380909258325,
            1686.0655496826294,
            1586.155748085154,
            550.1536282323349,
            858.3850258139372,
            -51.070672682836054,
            0
        ],
        [
            0,
            0,
            0,
            0,
            61.439143877618754,
            275.7776055805819,
            303.93489686456235,
            384.63929255180363,
            51.69535673492099,
            258.8121080869452,
            -12.508008925955725,
            77.55845203071101,
            -205.40666716251397,
            249.73361788392646,
            -374.1957589319418,
            0,
            281.2720590882049,
            107.19440812240677,
            209.21318080796703,
            413.245046307076,
            457.95937041234913,
            181.54987086798542,
            583.4821312245614,
            710.2434893731177,
            784.2585490864875,
            701.2497173162488,
            705.9193413012093,
            705.7033440558853,
            870.1701604454295,
            685.0942832631815,
            615.5753008967819,
            422.7176357422631,
            838.643406509124,
            761.7631971136916,
            793.5416694580314,
            721.7212733638942,
            797.2979489551145,
            742.6273706679535,
            229.18433598304733,
            432.3860467818662,
            546.8606026426237,
            1252.7636951199142,
            1244.7250251775083,
            1042.8564705946624,
            1227.2532422934307,
            1302.2922607597816,
            811.4148943972009,
            895.9869656180742,
            194.97846327321537,
            451.6955431379677,
            1209.6864741784113,
            1152.331329048476,
            167.0908158353338,
            547.3116767143538,
            -196.4559648336472,
            0
        ],
        [
            0,
            0,
            0,
            0,
            61.267648506216986,
            209.0087687731641,
            190.84331994705116,
            241.81755374214328,
            -136.7862692393884,
            55.50263708287262,
            -244.0424960983574,
            -161.09632964879302,
            -464.96482734191613,
            -3.2825863963475874,
            -658.9636849110038,
            -281.2720590882049,
            0,
            -188.99365185618566,
            -92.68459397513921,
            108.89905490166086,
            146.28805076335487,
            -146.93242676266289,
            254.64316155709264,
            369.1691210488701,
            430.1078020076563,
            330.4320606343245,
            321.67893031513313,
            308.7063271049462,
            465.5151538387308,
            264.521812044226,
            182.9996226090889,
            -24.00489737579948,
            393.8018396548545,
            307.5252486127557,
            333.5695179979085,
            254.60475162443134,
            327.6438043414208,
            268.5771416060496,
            -258.3600625959404,
            -50.94254870124418,
            67.109931523772,
            790.7747336860842,
            786.5356839533968,
            586.3328006395105,
            782.3072562933309,
            868.7941212185486,
            381.4086992235347,
            483.15563998902326,
            -209.8412989709324,
            74.53462313621381,
            869.2530398169996,
            843.0605613512181,
            -102.00901751422091,
            330.48422777376845,
            -243.1806892334815,
            0
        ],
        [
            0,
            0,
            0,
            0,
            123.13511013051445,
            301.59442139389967,
            295.7428274857164,
            364.4979482106699,
            -17.045005949067477,
            198.43485323429593,
            -102.01167251172632,
            -9.006611707278497,
            -316.7124030837803,
            167.40752999595037,
            -503.56824090111917,
            -107.19440812240677,
            188.99365185618566,
            0,
            104.963283702435,
            318.06487467289486,
            361.88607694565025,
            65.50491688227135,
            486.0896714940155,
            613.4027012953396,
            685.1130464670679,
            591.4996322901097,
            590.7809707104595,
            585.2687467212965,
            753.2726723355919,
            554.0929107807148,
            476.8752345495263,
            270.6849724545668,
            703.5180255947631,
            619.71338886237,
            650.1996810573112,
            572.6059228324162,
            649.711466872269,
            590.9934907105791,
            53.54172757454687,
            265.4756389432036,
            385.0717505927741,
            1121.4220996226568,
            1113.60264925624,
            904.7621675194334,
            1098.2549115259899,
            1178.3876794969588,
            672.9902923005428,
            764.8235655445787,
            48.05183881871498,
            319.9506767820009,
            1101.189225312845,
            1045.5978279681826,
            66.94257974778624,
            442.7043101795034,
            -110.78523929236712,
            0
        ],
        [
            0,
            0,
            0,
            0,
            119.91383451666466,
            287.1254926809225,
            262.42915604968545,
            321.7958128144648,
            -86.43930022802932,
            129.41439283705463,
            -187.5371432281536,
            -94.7966756105291,
            -416.0202081993295,
            80.44133080531549,
            -614.7471178247819,
            -209.21318080796703,
            92.68459397513921,
            -104.963283702435,
            0,
            216.09619251700477,
            258.12724605062067,
            -49.24675469986494,
            378.4262692826616,
            503.5250598169777,
            571.7543004387103,
            470.75658023562306,
            465.3012620614231,
            455.22183380897116,
            623.0643903125056,
            415.3187055962281,
            332.7788935877766,
            118.69535413227058,
            558.3965582548456,
            470.11301262176465,
            499.0105420319764,
            417.8556895798852,
            495.1064474164056,
            434.0660299945389,
            -115.01326412994747,
            101.19428154715891,
            223.58740642329627,
            974.9715887981313,
            968.1432871183605,
            757.2727672965924,
            956.6086298409442,
            1041.0981461593915,
            531.6517971353255,
            629.9048460757926,
            -89.60439370331872,
            193.7399686901461,
            989.4095948308083,
            940.7411308639379,
            -20.89205700431174,
            359.82441231811396,
            0,
            0
        ],
        [
            0,
            0,
            0,
            -5.961984174090934,
            77.09947671004302,
            223.74936512394467,
            171.68836194258395,
            213.30877982450238,
            -228.82866333468385,
            -20.25434108160617,
            -358.7008170724876,
            -269.73801175476154,
            -607.5693485863983,
            -102.42496985840116,
            -824.5175179040071,
            -413.245046307076,
            -108.89905490166086,
            -318.06487467289486,
            -216.09619251700477,
            0,
            37.41624769152291,
            -283.5138410828148,
            147.01050111776374,
            264.7150598262928,
            324.55922660932595,
            211.60853259362338,
            197.0503963245103,
            178.30033533573388,
            342.05722233042013,
            122.29270348128837,
            31.20731609206598,
            -193.616901488566,
            250.0841712580775,
            155.06920970282846,
            180.4208142238455,
            94.1892549669961,
            170.3829998463022,
            106.33020024201133,
            -454.29020776484856,
            -233.7040714124972,
            -107.81834901832534,
            659.3995846888486,
            655.5326266482339,
            445.4780668699326,
            653.9260012761583,
            746.9980322411232,
            239.38994995545758,
            350.4568983324152,
            -362.78852165439594,
            -58.725656269688734,
            761.3999160038228,
            734.0698256825897,
            -187.06438555268403,
            223.93259244076683,
            0,
            0
        ],
        [
            0,
            0,
            0,
            -18.090959253764385,
            74.67751018891977,
            223.4190777280152,
            161.99668762353082,
            201.0256496953476,
            -260.78668623538255,
            -47.11674204081135,
            -397.83307536496164,
            -306.98760264908464,
            -655.590733191092,
            -136.68770072405192,
            -879.8784625616087,
            -457.95937041234913,
            -146.28805076335487,
            -361.88607694565025,
            -258.12724605062067,
            -37.41624769152291,
            0,
            -329.7780900287839,
            109.96833299629283,
            228.67072814882675,
            288.148745223251,
            170.94415121845552,
            154.5183852299438,
            133.91226389329523,
            299.8721673488941,
            74.11993275234096,
            -20.01016427225095,
            -250.490594318935,
            201.43860118521977,
            103.66499154626368,
            128.815562139864,
            40.31848523236305,
            117.54161298928227,
            51.97181023243134,
            -519.0931633122274,
            -294.29276228477255,
            -165.85795115740828,
            614.8542714563928,
            611.1666213611672,
            398.2376074571667,
            610.5325556857467,
            705.6492609620193,
            192.48673474232118,
            306.517834857241,
            -411.1353462498379,
            -101.06745989886856,
            724.0341432286347,
            695.6154842116593,
            -209.17277574725236,
            186.8608963119964,
            0,
            0
        ],
        [
            0,
            0,
            0,
            30.129016143869116,
            180.81765284522976,
            367.8534338034899,
            328.0546177174969,
            391.8796194437649,
            -63.87757904742318,
            178.2398922157221,
            -167.64661584963173,
            -64.14043921072043,
            -412.68312489276053,
            129.96654544104445,
            -623.731843976015,
            -181.54987086798542,
            146.93242676266289,
            -65.50491688227135,
            49.24675469986494,
            283.5138410828148,
            329.7780900287839,
            0,
            461.38282001841304,
            597.2087368597806,
            671.6998940196285,
            564.9193465394729,
            560.4473965596865,
            550.9797042482318,
            731.1881797764528,
            510.7970859663825,
            423.97922820892296,
            197.29972924429046,
            665.5430996747217,
            572.3061277700643,
            603.3510354559522,
            517.544298470546,
            599.3790095101801,
            534.5924579302481,
            -45.752429090904016,
            182.35217638020728,
            310.7764666267218,
            1100.0627276347,
            1090.1596101320765,
            865.8988532787222,
            1070.6983924370943,
            1153.7723467862497,
            618.4390052172192,
            714.3349812672706,
            -32.00838578390134,
            252.62822172843514,
            1042.3401096249238,
            963.6607679137496,
            14.71439759190998,
            285.0876550161243,
            0,
            0
        ],
        [
            0,
            0,
            0,
            -54.06778734124347,
            54.92798034034583,
            208.7328559986889,
            125.27185914507015,
            157.46185137757075,
            -351.83543346852844,
            -127.02573912707716,
            -507.7281299772784,
            -412.8541750982957,
            -787.7009051065394,
            -236.29256063519216,
            -1030.5018571065175,
            -583.4821312245614,
            -254.64316155709264,
            -486.0896714940155,
            -378.4262692826616,
            -147.01050111776374,
            -109.96833299629283,
            -461.3828200184138,
            0,
            120.41811779516314,
            178.36434663479608,
            50.319406285369595,
            28.828042378254754,
            3.2262807613047984,
            173.96879573796093,
            -66.58984970245663,
            -168.40901406503798,
            -412.74907371449206,
            58.528593865941716,
            -46.06446820734637,
            -21.572435128175265,
            -115.55071616630387,
            -35.9249480213707,
            -105.01942537383975,
            -700.4013250946452,
            -465.4004113821551,
            -330.5978820433221,
            481.69466226068687,
            478.87589156385565,
            260.10305158213185,
            481.78263494252417,
            582.2683687674747,
            58.7832912216403,
            180.81461997875286,
            -541.0607844899969,
            -215.88283654819963,
            614.6689418622507,
            583.6319668040603,
            -253.78860335968025,
            79.2916089711431,
            0,
            0
        ],
        [
            0,
            0,
            -13.309908082331022,
            -95.01388729918207,
            21.764011592101124,
            177.61840523666757,
            76.30984057532447,
            101.57833943699039,
            -445.1110881448017,
            -213.79542155891286,
            -618.4500311209533,
            -521.4135713008486,
            -916.9687254577984,
            -341.80040494982495,
            -1175.4765964189467,
            -710.2434893731177,
            -369.1691210488701,
            -613.4027012953396,
            -503.5250598169777,
            -264.7150598262928,
            -228.67072814882675,
            -597.2087368597806,
            -120.418117795163,
            0,
            55.544956698634365,
            -81.89011817740484,
            -108.31715484923534,
            -138.72226728022932,
            34.6856529785293,
            -217.90914210628375,
            -326.28431530351565,
            -581.6968819023359,
            -96.47773963564565,
            -206.64183623354032,
            -182.99341351605185,
            -281.2621768146231,
            -199.94476562511025,
            -271.56224405286684,
            -884.3943050911369,
            -641.4537945769579,
            -501.3506279784659,
            334.1559476262035,
            332.85968470152585,
            111.34557529717418,
            340.8562797389058,
            446.6216276977026,
            -80.31871415205201,
            49.81499875870213,
            -666.4741808470412,
            -327.4454505359666,
            501.2432197508467,
            470.4384437744247,
            -272.65247134495377,
            0,
            0,
            0
        ],
        [
            0,
            0,
            -40.62751614442963,
            -124.25624083816594,
            5.178086156226217,
            168.12442254124576,
            54.72661702438485,
            77.51307279936145,
            -500.785545603429,
            -259.89180904965315,
            -684.8115610346372,
