{
    "bin_ranges": {
        "m3pi_lower_limit": 2.1799999999999997,
        "m3pi_upper_limit": 2.2199999999999998,
        "t_lower_limit": 0.326,
        "t_upper_limit": 1
    },
    "info": "The dalitz matrix M is computed as sqrt(-Kibble) * (A[1]-A[2])",
    "bin_centers": [
        0.29900000000000004,
        0.33999999999999997,
        0.38,
        0.42000000000000004,
        0.45999999999999996,
        0.5,
        0.54,
        0.5800000000000001,
        0.62,
        0.66,
        0.69,
        0.71,
        0.73,
        0.75,
        0.77,
        0.79,
        0.81,
        0.83,
        0.85,
        0.87,
        0.89,
        0.91,
        0.94,
        0.98,
        1.02,
        1.06,
        1.1,
        1.1400000000000001,
        1.18,
        1.22,
        1.26,
        1.3,
        1.34,
        1.38,
        1.42,
        1.46,
        1.5,
        1.54,
        1.58,
        1.62,
        1.66,
        1.7,
        1.74,
        1.78,
        1.82,
        1.8599999999999999,
        1.9,
        1.94,
        1.98,
        2.02,
        2.06
    ],
    "real(M)": [
        [
            0,
            0,
            0,
            0,
            0,
            0,
            0,
            0,
            0,
            0,
            0,
            0,
            0,
            0,
            0,
            0,
            0,
            0,
            0,
            0,
            0,
            0,
            0,
            0,
            0,
            0,
            0,
            0,
            0,
            0,
            110.75925341061802,
            332.7276210673482,
            441.31513674829046,
            512.4265708530099,
            541.9933645095807,
            559.7813023669012,
            602.277883286063,
            600.2573204603091,
            584.166971849443,
            565.136087902805,
            498.51925242388296,
            540.686381403149,
            405.0726404423706,
            256.20411490138935,
            0,
            0,
            0,
            0,
            0,
            0,
            0
        ],
        [
            0,
            0,
            0,
            0,
            0,
            0,
            0,
            0,
            0,
            0,
            0,
            0,
            0,
            0,
            0,
            0,
            0,
            0,
            0,
            0,
            0,
            0,
            0,
            0,
            0,
            30.233874156358716,
            30.802853666068724,
            18.76149205340396,
            14.784137631195902,
            25.48316207079361,
            20.62187758906322,
            47.160390312670025,
            41.12469160204481,
            29.837980714925447,
            -20.213341368936295,
            -57.41428962262302,
            -21.457989896423758,
            -44.05490746114546,
            -67.5628102188887,
            -69.81244358806592,
            -131.38476595740062,
            70.89845963050406,
            -18.623618922912343,
            45.86665379472304,
            -95.50463984614593,
            -115.12208833850396,
            -53.79065041300228,
            0,
            0,
            0,
            0
        ],
        [
            0,
            0,
            0,
            0,
            0,
            0,
            0,
            0,
            0,
            0,
            0,
            0,
            0,
            0,
            0,
            0,
            0,
            0,
            0,
            0,
            0,
            36.46254230523581,
            67.91367711609855,
            74.84790942492694,
            60.86364550602065,
            98.8121894313416,
            81.86065025460077,
            56.21324346127514,
            49.395809713306846,
            65.7003307468202,
            58.759215570888834,
            96.3745230766763,
            87.84386687491279,
            72.57170218290003,
            5.5925697070478515,
            -43.32830930762157,
            5.044187295415016,
            -24.697412881924585,
            -55.927317519280884,
            -59.486222844618155,
            -142.8720948969106,
            127.50945345751384,
            5.087702300741805,
            93.75379549666742,
            -113.7185198432242,
            -160.75410861135518,
            -88.28871682180602,
            -149.744927484083,
            -16.361719387187225,
            0,
            0
        ],
        [
            0,
            0,
            0,
            0,
            0,
            0,
            0,
            0,
            0,
            0,
            0,
            0,
            0,
            0,
            0,
            0,
            41.50916719385409,
            105.52020479927141,
            166.64869339090063,
            147.2075292389726,
            173.20055262867,
            158.90156017193982,
            193.06370076474278,
            190.13746974041956,
            166.36363892301245,
            220.71233209976396,
            198.86303260119905,
            167.75079782873246,
            162.28473477251273,
            186.15255559603986,
            180.2599055852966,
            229.4547369682648,
            220.92186007432508,
            203.97164181817007,
            123.85430058015858,
            65.77342734710989,
            125.30258504349501,
            89.54931715860417,
            51.407833079013834,
            46.013014842373444,
            -57.09257888089265,
            269.0480492817123,
            116.45750899192221,
            221.56995662857997,
            -42.83729300184403,
            -114.01432802682491,
            -35.53454149629399,
            -151.2090445375835,
            11.892683642025508,
            -9.512228406389923,
            0
        ],
        [
            0,
            0,
            0,
            0,
            0,
            0,
            0,
            0,
            0,
            0,
            0,
            0,
            -58.572058114456745,
            -135.75100479821083,
            -9.985321581861216,
            -54.13784666931377,
            41.37601310847802,
            127.6328592767486,
            196.4873800449017,
            138.66199326012466,
            158.64676056876965,
            123.64140472937785,
            152.74189235713874,
            130.30758693115376,
            85.92342792596463,
            141.45829779764506,
            104.14684385655003,
            57.751575165729854,
            43.71015088357081,
            65.40672795425822,
            52.561972191363395,
            105.15284836224852,
            90.65819342145487,
            67.21359536694843,
            -28.72339899833476,
            -97.97833837475874,
            -30.112714032067334,
            -71.80609565151723,
            -115.35542632251145,
            -120.11433482804097,
            -236.99415798253852,
            144.5640654480587,
            -27.28340711144953,
            102.08346295998442,
            -199.05255678653305,
            -274.1129824429659,
            -169.30401897604585,
            -298.4755043916936,
            -72.64139658480609,
            -85.08751917579337,
            0
        ],
        [
            0,
            0,
            0,
            0,
            0,
            0,
            0,
            0,
            0,
            -27.832437674133182,
            -71.30389205252213,
            -230.45219234710396,
            -209.80744682846495,
            -309.10426329717876,
            -82.57277695336691,
            -151.58979676682205,
            -20.87178332977789,
            86.94843009153779,
            166.86472773778542,
            83.47485696124463,
            101.13719682526398,
            51.10946691223299,
            77.99133464597134,
            40.82144395005202,
            -20.244879978218425,
            37.35527072151141,
            -12.978774899869249,
            -72.55250321478553,
            -93.88935123384377,
            -73.74127513432077,
            -92.58415938725908,
            -36.52118786865241,
            -56.20591825792183,
            -85.37798050292334,
            -195.70703599062355,
            -275.07678911876985,
            -199.27495511132233,
            -246.24263065763716,
            -294.5556629684899,
            -298.4813901130141,
            -427.7177399331715,
            4.7804299761100495,
            -184.3855887840958,
            -32.886213847981224,
            -366.4849249577927,
            -444.10529733625833,
            -315.3729386057116,
            -453.9390811495212,
            -175.8073287249111,
            -176.36031884725637,
            0
        ],
        [
            0,
            0,
            0,
            0,
            0,
            0,
            0,
            0,
            28.501769873284164,
            -26.243568076483825,
            10.613067382689401,
            -195.57563093339974,
            -129.0952210870973,
            -234.0606389714535,
            80.97904331759965,
            8.879065973564346,
            183.8194620107832,
            325.24594187517044,
            429.7701181458816,
            338.82427762561434,
            368.1559292693034,
            317.9724767242471,
            361.4938678681787,
            334.225708400073,
            279.39517767098044,
            358.7393236533233,
            314.7494576064866,
            259.82845691793,
            247.10979607639442,
            279.76343817942615,
            267.78299989937676,
            338.0440426823248,
            322.8643289574432,
            296.0378146189959,
            178.19351294713155,
            93.49359808773978,
            178.93059657629578,
            127.1353627742409,
            72.22849191540823,
            64.47947580978818,
            -83.50853188272148,
            385.7486195569789,
            166.84154543531776,
            320.86099230233896,
            -64.26696217200762,
            -171.43385059009088,
            -55.62045462106504,
            -244.7112939766335,
            20.82268698890632,
            -48.836917730021646,
            0
        ],
        [
            0,
            0,
            0,
            0,
            0,
            0,
            0,
            0,
            70.38945891752171,
            -26.081631995109127,
            26.572920474082345,
            -231.67948779210167,
            -143.4080249611303,
            -266.0291660436457,
            112.76965078286977,
            27.90274847470273,
            232.15287696377803,
            394.62699441879846,
            512.9185904485975,
            407.18763693404384,
            439.38859397384374,
            381.5932256221708,
            429.6573820508843,
            398.06785848478796,
            336.4392738010877,
            424.36900557115246,
            375.4596999784161,
            314.8708377881074,
            301.06223981811877,
            337.1583438105572,
            324.17724314024827,
            401.2676211077656,
            384.68985773106726,
            355.391977127033,
            226.78348750371154,
            134.47191379745874,
            227.55277663585423,
            171.00189863061544,
            111.02021932091371,
            102.24587534864109,
            -59.0885288671118,
            450.1065514820896,
            211.38722730077208,
            377.5174581297041,
            -42.009774281274,
            -160.05075035814824,
            -36.399708919123164,
            -244.64417582323696,
            40.62209601574246,
            -40.54427092312513,
            0
        ],
        [
            0,
            0,
            0,
            0,
            0,
            0,
            -28.501769873284164,
            -70.38945891752171,
            0,
            -147.4781737741578,
            -96.98323786770241,
            -409.41338876555966,
            -311.61624100712373,
            -458.7533459918232,
            -31.253228465370285,
            -135.40978413624,
            88.0252464120377,
            262.6623482633678,
            386.8053580336518,
            260.7919740913401,
            289.192770642505,
            218.03062496457193,
            261.2411100967962,
            214.09541553185022,
            135.24885623047425,
            221.15785723338726,
            158.18510794037968,
            83.52453358835932,
            60.70893177550934,
            92.85593428163463,
            72.4971254214824,
            150.46169094015053,
            127.80936884922153,
            92.32838040265983,
            -49.34871830029123,
            -150.69206104240897,
            -51.114273002376734,
            -111.68359810984623,
            -174.66592350376914,
            -181.204313444563,
            -350.20168896326777,
            202.53798753461749,
            -46.0944764194918,
            141.7169864105027,
            -295.56134309313876,
            -406.4083266818038,
            -254.96943138669857,
            -452.5321364035415,
            -117.18963098289107,
            -157.09176480160272,
            0
        ],
        [
            0,
            0,
            0,
            0,
            0,
            27.832437674133182,
            26.243568076483825,
            26.081631995109127,
            147.4781737741578,
            0,
            77.44194188081981,
            -265.5195563674306,
            -141.99836409199247,
            -294.9838305760413,
            193.23955571194236,
            86.88866947368312,
            343.2179700005468,
            543.8750280133805,
            687.7610487810795,
            556.5893979373444,
            594.8130321878997,
            524.0538040626453,
            581.4052293152395,
            543.1751537404231,
            470.1366910938861,
            574.779166256502,
            517.6271495575086,
            447.274951814086,
            432.05696509219376,
            475.0459672601244,
            460.64083020422186,
            550.7106166174111,
            531.7734539130464,
            498.0299760223266,
            349.5824697132765,
            243.2011284241576,
            350.15257209324886,
            284.57900445344103,
            214.91567016519303,
            203.7138408008843,
            17.66842746138064,
            597.1389522550569,
            321.77721835825173,
            507.0616430443711,
            26.46940819267354,
            -111.43299535448068,
            22.62371914458874,
            -216.7226284159978,
            90.94657573150329,
            -10.33417520380196,
            0
        ],
        [
            0,
            0,
            0,
            0,
            0,
            71.30389205252213,
            -10.613067382689401,
            -26.572920474082345,
            96.98323786770241,
            -77.44194188081981,
            0,
            -375.9170732099693,
            -245.77747430404116,
            -413.7815942008175,
            106.7013951031661,
            -11.305416298985431,
            258.5387664412811,
            468.2105038316917,
            616.9776545779415,
            473.22997096694473,
            509.81051320820677,
            430.9327835176674,
            486.24484026681847,
            439.02650909226554,
            355.71349478125006,
            460.30758245384527,
            394.7854979520361,
            315.9440473766107,
            295.59674369154965,
            336.8171457195136,
            318.19975632516434,
            409.59070865390083,
            387.12549205885637,
            349.68006580962464,
            192.7708974901554,
            80.59536258639017,
            192.114396536146,
            123.92713489705154,
            52.25046441045039,
            42.4116229642737,
            -148.79594832761342,
            458.38204727749894,
            176.20677245153155,
            374.3837795748337,
            -117.18261490827607,
            -250.3891398958677,
            -99.9671790405573,
            -330.23182613453565,
            3.7354739653118663,
            -68.13954524689836,
            0
        ],
        [
            0,
            0,
            0,
            0,
            0,
            230.45219234710396,
            195.57563093339974,
            231.67948779210167,
            409.41338876555966,
            265.5195563674306,
            375.9170732099693,
            0,
            154.57960438622965,
            -3.4412892869583445,
            556.6890771157885,
            449.65757804409986,
            746.1014971232341,
            978.992763848401,
            1147.8415188836543,
            1012.4562676355362,
            1063.9775015178448,
            995.4085131047507,
            1071.8896149947689,
            1047.3095290230526,
            984.0534121440903,
            1113.5615310951025,
            1065.7859936641892,
            1002.7845169215128,
            998.5621360133522,
            1056.1172774021352,
            1050.2019646634185,
            1155.7119288257452,
            1141.9558793917877,
            1110.6933601591215,
            954.3331482882894,
            841.6769314695824,
            956.3995055697245,
            883.5929994758495,
            804.1811481441441,
            784.9068702769109,
            575.8650046817734,
            1181.0958989785613,
            869.7798500063244,
            1044.7344547397563,
            507.86077420701145,
            329.9166682356111,
            430.6974936089435,
            130.99245001201905,
            378.43874246157765,
            170.86925722863307,
            0
        ],
        [
            0,
            0,
            0,
            0,
            58.572058114456745,
            209.80744682846495,
            129.0952210870973,
            143.4080249611303,
            311.61624100712675,
            141.99836409199247,
            245.77747430404116,
            -154.57960438622965,
            0,
            -171.24617472995317,
            405.1451499969644,
            287.22955435817124,
            588.5996124239174,
            823.7405546906211,
            992.3659051503168,
            845.8988277836528,
            893.283162538266,
            816.5894708322089,
            887.4186944632545,
            851.6432000309644,
            776.7066782059894,
            901.3239797220791,
            843.7418196380514,
            771.2071996157734,
            759.934846775827,
            812.9352200083355,
            801.3151979434462,
            905.0138821586451,
            886.8274154700039,
            851.4889773512728,
            688.5767721412735,
            571.5849564294101,
            688.9919371476476,
            615.0304636557102,
            535.5295176071496,
            518.9963145637001,
            309.60015829008773,
            935.1108898706793,
            624.4749359658383,
            812.8896779238274,
            277.50333370262075,
            112.10352993430044,
            233.9559468514798,
            -43.84990121288298,
            236.13701438153169,
            76.56736227301691,
            0
        ],
        [
            0,
            0,
            0,
            0,
            135.75100479821083,
            309.10426329717876,
            234.0606389714535,
            266.0291660436457,
            458.7533459918232,
            294.9838305760413,
            413.7815942008175,
            3.4412892869583445,
            171.24617472995317,
            0,
            604.6526540240508,
            488.2823642761328,
            806.2374963720227,
            1055.0445462239766,
            1234.6190906701663,
            1088.214383494477,
            1142.1280520617204,
            1067.7792224628636,
            1147.9531943548172,
            1120.0559963458713,
            1051.3690985142466,
            1187.697563824717,
            1135.8375922752123,
            1068.0686666666782,
            1062.7181115934131,
            1122.7527358085526,
            1115.66168261339,
            1226.2241641832532,
            1210.8097796820948,
            1176.953637782229,
            1011.3800109305904,
            892.016083424058,
            1011.8294032814796,
            934.3746586972704,
            850.0287823591162,
            828.7478841106728,
            608.7483650751317,
            1239.9492122206673,
            912.686642870078,
            1092.102077444864,
            531.6306624192397,
            345.1619622385622,
            445.32137875390487,
            136.0854177522392,
            373.36834656431654,
            143.55330529546055,
            0
        ],
        [
            0,
            0,
            0,
            0,
            9.985321581861216,
            82.57277695336691,
            -80.97904331759965,
            -112.76965078286977,
            31.253228465370285,
            -193.23955571194236,
            -106.7013951031661,
            -556.6890771157885,
            -405.1451499969644,
            -604.6526540240508,
            0,
            -141.58985340639407,
            166.50192860651228,
            403.3047692363757,
            568.9061347616952,
            398.57456497335005,
            435.5120730027443,
            340.74483979446006,
            397.164851211395,
            335.33880201933164,
            233.677629890297,
            344.94867475222543,
            264.8379022069571,
            170.62466973161153,
            142.8045648521189,
            184.42728107376635,
            159.6049674811534,
            257.99998572079085,
            229.92463361871316,
            185.8678591989398,
            10.048735015841974,
            -115.00580327859721,
            8.338876265084041,
            -66.27575119440517,
            -143.5997034909554,
            -151.72445003860167,
            -357.40744308895336,
            311.05455374516737,
            8.656344480742458,
            230.10050470290014,
            -290.89097180707705,
            -419.08475484271736,
            -241.9484065482426,
            -453.9781757736269,
            -85.97404572040207,
            -85.1795162411118,
            0
        ],
        [
            0,
            0,
            0,
            0,
            54.13784666931377,
            151.58979676682205,
            -8.879065973564346,
            -27.90274847470273,
            135.40978413624,
            -86.88866947368312,
            11.305416298985431,
            -449.65757804409986,
            -287.22955435817124,
            -488.2823642761328,
            141.58985340639407,
            0,
            322.38350382289565,
            570.760817045498,
            745.4003289125645,
            573.7950103674223,
            615.6375017182913,
            521.8270009367595,
            585.2898544493004,
            528.6115942915849,
            430.6861403513216,
            551.0379734181622,
            474.45482137247325,
            383.0170576952775,
            359.23638172797973,
            406.1239406613735,
            384.3671559728725,
            488.2213317885464,
            461.93091108751713,
            418.6544680233513,
            239.95653992955013,
            112.5542514047876,
            238.25803978549678,
            160.78825601002052,
            79.66968299362362,
            68.16058614217671,
            -145.83203225219663,
            529.0998553074262,
            213.7907499569155,
            429.2231495439113,
            -110.44278976429457,
            -253.1820823861988,
            -91.11589857592386,
            -322.7458320543897,
            12.288747488789541,
            -26.801139191980557,
            0
        ],
        [
            0,
            0,
            0,
            -41.50916719385409,
            -41.37601310847802,
            20.87178332977789,
            -183.8194620107832,
            -232.15287696377803,
            -88.0252464120377,
            -343.2179700005468,
            -258.5387664412811,
            -746.1014971232341,
            -588.5996124239174,
            -806.2374963720227,
            -166.50192860651228,
            -322.38350382289565,
            0,
            246.0966910444622,
            416.3395017838712,
            230.63098007526955,
            264.7366519270691,
            159.67862668795627,
            212.375037793148,
            138.39224949725153,
            23.16005353125493,
            132.82261643667613,
            41.5816475560177,
            -63.74590313915264,
            -98.62063712439564,
            -59.99748433247242,
            -90.4352680414819,
            8.882389479184098,
            -23.57984150585506,
            -71.93916836449671,
            -257.04445537261313,
            -387.9522030153327,
            -258.6521537762712,
            -334.7385477769175,
            -412.29384977865516,
            -416.4509169617031,
            -623.9360878221408,
            75.56359327866814,
            -228.3346737634905,
            10.533353256986182,
            -509.8813899865149,
            -620.7895754951512,
            -416.17822624883314,
            -590.3901034864899,
            -182.79558011273002,
            0,
            0
        ],
        [
            0,
            0,
            0,
            -105.52020479927141,
            -127.6328592767486,
            -86.94843009153645,
            -325.24594187517044,
            -394.62699441879846,
            -262.6623482633678,
            -543.8750280133831,
            -468.2105038316897,
            -978.992763848401,
            -823.7405546906211,
            -1055.0445462239802,
            -403.3047692363757,
            -570.760817045498,
            -246.0966910444622,
            0,
            168.12183195425095,
            -29.228715459753527,
            -0.6171474624152812,
            -114.64910110607444,
            -69.56545909668192,
            -156.76608002300384,
            -285.43469704797684,
            -182.97594121048826,
            -285.5081367025265,
            -401.60116519032226,
            -444.74898686337656,
            -411.8857197637645,
            -448.735898148981,
            -352.068829142969,
            -389.03875286565756,
            -441.13279626071807,
            -631.5395619490222,
            -765.2501268481096,
            -632.2603942585962,
            -707.1286224955603,
            -781.7425374179223,
            -779.7445422957084,
            -982.2420454494661,
            -261.4342707948686,
            -556.6362624312476,
            -298.6476368367451,
            -803.6329634463143,
            -888.1295620146944,
            -648.3976294508747,
            -771.9538003079634,
            -301.9426554776984,
            0,
            0
        ],
        [
            0,
            0,
            0,
            -166.64869339090063,
            -196.4873800449017,
            -166.86472773778542,
            -429.7701181458816,
            -512.9185904485975,
            -386.805358033654,
            -687.7610487810795,
            -616.9776545779415,
            -1147.8415188836543,
            -992.3659051503168,
            -1234.6190906701663,
            -568.9061347616952,
            -745.4003289125645,
            -416.3395017838712,
            -168.12183195425095,
            0,
            -206.68370388849183,
            -181.46814693426,
            -302.34089036985836,
            -261.9172905581221,
            -358.50344358218473,
            -496.9783042859527,
            -398.4660654855321,
            -509.1399248265531,
            -633.0812616001506,
            -681.8799564412136,
            -652.4635756092414,
            -693.6414697739759,
            -597.9179888180525,
            -637.9032950637817,
            -692.5502596503354,
            -887.3121223710098,
            -1023.2789020191145,
            -886.6642103546368,
            -960.6316265842655,
            -1033.077270241866,
            -1026.27567996761,
            -1225.455645001976,
            -486.7981713814247,
            -776.1851913535276,
            -503.61390786312086,
            -997.1792113237269,
            -1060.9423212046872,
            -793.9055646703929,
            -873.822088443677,
            -351.41769265684815,
            0,
            0
        ],
        [
            0,
            0,
            0,
            -147.2075292389726,
            -138.66199326012466,
            -83.47485696124463,
            -338.82427762561434,
            -407.18763693404384,
            -260.7919740913414,
            -556.5893979373444,
            -473.22997096694473,
            -1012.4562676355362,
            -845.8988277836528,
            -1088.214383494477,
            -398.57456497335005,
            -573.7950103674223,
            -230.63098007526955,
            29.22871545975348,
            206.68370388849183,
            0,
            30.75817628706879,
            -88.16766516430427,
            -39.81892364195113,
            -129.7772552211768,
            -263.02094818511233,
            -154.59067055939295,
            -260.47898962974205,
            -380.44094851447966,
            -424.26853606646574,
            -388.9465246156903,
            -426.34279674697405,
            -324.9118828934706,
            -362.62578225641045,
            -416.0823657535383,
            -613.016219486778,
            -750.8923779948188,
            -612.4855621088003,
            -689.345162713478,
            -765.761682638181,
            -762.984436418497,
            -970.3632809265148,
            -229.92933426349344,
            -532.1260295461324,
            -269.0946387279144,
            -779.4646356661618,
            -858.5341400285015,
            -611.0522274200432,
            -707.0365665150196,
            -226.10096305102198,
            0,
            0
        ],
        [
            0,
            0,
            0,
            -173.20055262866362,
            -158.6467605687724,
            -101.13719682526398,
            -368.1559292693034,
            -439.3885939738411,
            -289.192770642505,
            -594.8130321878973,
            -509.81051320820507,
            -1063.9775015178448,
            -893.2831625382634,
            -1142.1280520617172,
            -435.51207300274314,
            -615.63750171829,
            -264.7366519270691,
            0.6171474624152812,
            181.46814693426,
            -30.75817628706873,
            0,
            -122.27952849560047,
            -73.81399700161654,
            -166.930768118629,
            -304.085175046789,
            -194.3870004101633,
            -303.351355430878,
            -426.49831619410855,
            -471.8447791271216,
            -436.399584936658,
            -474.9501502060674,
            -371.99241471031195,
            -410.61853636687755,
            -465.08793693727665,
            -665.2426290994398,
            -804.9851908209645,
            -663.7481081106511,
            -740.9388798929086,
            -817.27868517514,
            -812.9074378817704,
            -1020.7521347026934,
            -269.9472272730104,
            -572.5060364141824,
            -304.55635892046115,
            -812.0092624727853,
            -882.5463688210058,
            -625.0891525898414,
            -693.7647066868881,
            -185.2323570837007,
            0,
            0
        ],
        [
            0,
            0,
            -36.46254230523581,
            -158.90156017193982,
            -123.64140472937785,
            -51.10946691223299,
            -317.9724767242471,
            -381.5932256221708,
            -218.03062496457193,
            -524.0538040626453,
            -430.9327835176674,
            -995.4085131047507,
            -816.5894708322089,
            -1067.7792224628636,
            -340.74483979446006,
            -521.8270009367595,
            -159.67862668795627,
            114.64910110607444,
            302.34089036985836,
            88.16766516430427,
            122.27952849560057,
            0,
            53.298937602953124,
            -36.92293079200566,
            -172.29414107405904,
            -56.1786661396279,
            -163.35283715040316,
            -285.24058064219287,
            -328.1615010857797,
            -289.17785807798623,
            -325.9267436124713,
            -219.1203170793384,
            -256.8168748576091,
            -311.0601559595726,
            -513.7427572686864,
            -655.4094345776473,
            -512.4145799938473,
            -591.6741244406135,
            -670.6086746900248,
            -668.4443603489035,
            -881.4720762583612,
            -127.68619228223842,
            -438.1417788050065,
            -175.69676947388658,
            -691.295687503473,
            -768.0750872098774,
            -520.8068790696401,
            -585.8327137576252,
            -78.26562577607349,
            0,
            0
        ],
        [
            0,
            0,
            -67.91367711610458,
            -193.06370076473817,
            -152.74189235713874,
            -77.99133464597134,
            -361.4938678681763,
            -429.6573820508821,
            -261.2411100967962,
            -581.4052293152414,
            -486.24484026681705,
            -1071.889614994766,
            -887.4186944632522,
            -1147.9531943548172,
            -397.164851211395,
            -585.2898544493004,
            -212.375037793148,
            69.56545909668192,
            261.9172905581218,
            39.818923641951095,
            73.81399700161654,
            -53.29893760295316,
            0,
            -94.86858060302531,
            -235.91914532381236,
            -118.2057720298422,
            -229.844655975813,
            -356.31541127048683,
            -401.46615501225125,
            -362.4105378688736,
            -400.82865331358374,
            -291.9828126330872,
            -330.9578207856361,
            -386.56651287487944,
            -593.5015821372124,
            -737.4756467012182,
            -590.5163345475029,
            -669.8576099191341,
            -748.1731488283148,
            -743.3111306107372,
            -955.6999573728804,
            -189.4626904401321,
            -498.3847269275304,
            -229.69307163325237,
            -735.6155595538644,
            -795.7801264623575,
            -531.8914686868385,
            -534.731980191124,
            0,
            0,
            0
        ],
        [
            0,
            0,
            -74.84790942492694,
            -190.13746974041956,
            -130.30758693115376,
            -40.82144395005202,
            -334.225708400073,
            -398.06785848478796,
            -214.09541553184943,
            -543.1751537404231,
            -439.02650909226554,
            -1047.3095290230526,
            -851.6432000309644,
            -1120.0559963458713,
            -335.33880201933164,
            -528.6115942915849,
            -138.39224949725153,
            156.7660800230037,
            358.50344358218473,
            129.7772552211768,
            166.93076811862923,
            36.92293079200566,
            94.86858060302535,
            0,
            -142.72809456528321,
            -17.933072534605472,
            -130.5256732379324,
            -258.5168527271598,
            -302.6904968743776,
            -260.2747054531166,
            -298.00721487020894,
            -184.45103704987966,
            -223.3875646666004,
            -279.6691697979872,
            -491.37723484094926,
            -638.4046175669547,
            -487.8456225292382,
            -569.151707205326,
            -649.44201589852,
            -645.1773153654468,
            -861.0770610586261,
            -89.21677326989665,
            -403.0012012416666,
            -138.86577190211355,
            -639.976680687637,
            -691.4193269834054,
            -426.865165849321,
            -336.45977278564595,
            0,
            0,
            0
        ],
        [
            0,
            0,
            -60.86364550602065,
            -166.36363892301245,
            -85.92342792596463,
            20.244879978218425,
            -279.39517767098044,
            -336.4392738010877,
            -135.24885623047425,
            -470.1366910938861,
            -355.71349478125006,
            -984.0534121440903,
            -776.7066782059894,
            -1051.3690985142466,
            -233.677629890297,
            -430.6861403513216,
            -23.16005353125493,
            285.43469704797667,
            496.9783042859527,
            263.02094818511233,
            304.085175046789,
            172.29414107405904,
            235.91914532381261,
            142.72809456528321,
            0,
            132.80391492344478,
            20.62243178805125,
            -107.61012525421512,
            -149.86955107167432,
            -103.53234975426756,
            -139.97005794747383,
            -21.69810740104778,
            -60.35361800223253,
            -117.20746066143312,
            -333.2671745788197,
            -483.30855877769545,
            -330.4555375722642,
            -414.4308318079784,
            -497.6585798928064,
            -495.66595543816254,
            -715.8101498627552,
            53.946622469726705,
            -265.7768570138721,
            -13.09066345774896,
            -507.5612640013078,
            -551.9037870537592,
            -293.7487504262007,
            0,
            0,
            0,
            0
        ],
        [
            0,
            -30.23387415636366,
            -98.81218943134158,
            -220.71233209976396,
            -141.45829779764506,
            -37.35527072151141,
            -358.7393236533233,
            -424.36900557115246,
            -221.15785723338726,
            -574.779166256502,
            -460.30758245384527,
            -1113.561531095105,
            -901.3239797220782,
            -1187.697563824717,
            -344.94867475222526,
            -551.0379734181618,
            -132.8226164366763,
            182.97594121048854,
            398.4660654855326,
            154.59067055939295,
            194.3870004101634,
            56.1786661396279,
            118.20577202984214,
            17.933072534605472,
            -132.80391492344478,
            0,
            -118.49937434841043,
            -252.92312743474963,
            -298.6574313765654,
            -253.20663836225097,
            -292.06300421837705,
            -172.31031711340722,
            -212.46392795592706,
            -270.51607291662316,
            -489.789609426212,
            -640.5589596759697,
            -482.8599518628935,
            -564.3946754185081,
            -643.5766594304165,
            -635.1926257339837,
            -847.0086263196545,
            -71.21216464975585,
            -377.0954535728378,
            -117.39741340411958,
            -568.6816297265334,
            -560.091005218565,
            -234.10706742422133,
            0,
            0,
            0,
            0
        ],
        [
            0,
            -30.802853666070956,
            -81.86065025460077,
            -198.86303260119905,
            -104.14684385655003,
            12.978774899869249,
            -314.7494576064866,
            -375.4596999784161,
            -158.18510794037968,
            -517.6271495575086,
            -394.7854979520361,
            -1065.7859936641892,
            -843.7418196380514,
            -1135.8375922752123,
            -264.8379022069571,
