{
    "bin_ranges": {
        "m3pi_lower_limit": 1.82,
        "m3pi_upper_limit": 1.86,
        "t_lower_limit": 0.326,
        "t_upper_limit": 1
    },
    "info": "The dalitz matrix M is computed as sqrt(-Kibble) * (A[1]-A[2])",
    "bin_centers": [
        0.29900000000000004,
        0.33999999999999997,
        0.38,
        0.42000000000000004,
        0.45999999999999996,
        0.5,
        0.54,
        0.5800000000000001,
        0.62,
        0.66,
        0.69,
        0.71,
        0.73,
        0.75,
        0.77,
        0.79,
        0.81,
        0.83,
        0.85,
        0.87,
        0.89,
        0.91,
        0.94,
        0.98,
        1.02,
        1.06,
        1.1,
        1.1400000000000001,
        1.18,
        1.22,
        1.26,
        1.3,
        1.34,
        1.38,
        1.42,
        1.46,
        1.5,
        1.54,
        1.58,
        1.62,
        1.66,
        1.7
    ],
    "real(M)": [
        [
            0,
            0,
            0,
            0,
            0,
            0,
            0,
            0,
            0,
            0,
            0,
            0,
            0,
            0,
            0,
            0,
            0,
            0,
            0,
            0,
            0,
            0,
            0,
            0,
            0,
            -76.08207510052064,
            -172.56042646464158,
            -225.75193117432792,
            -258.4200035697581,
            -289.5913434869394,
            -307.0764401990407,
            -322.8419758035536,
            -318.9483427713402,
            -324.61650189620076,
            -271.7152840494923,
            -207.38643232752867,
            -29.53958284055715,
            0,
            0,
            0,
            0,
            0
        ],
        [
            0,
            0,
            0,
            0,
            0,
            0,
            0,
            0,
            0,
            0,
            0,
            0,
            0,
            0,
            0,
            0,
            0,
            0,
            0,
            75.42080490967267,
            129.3609254990168,
            176.9862364958005,
            194.08508198896968,
            211.2557764061984,
            220.0393932809198,
            241.52310206953624,
            243.2230481260776,
            251.99229269891654,
            265.7769065845763,
            256.894386234387,
            253.11955726460258,
            232.00385873315713,
            224.33026465229463,
            170.50693738222196,
            191.60331103186218,
            175.47721551088696,
            135.95704326565146,
            53.182853644693516,
            58.80170937985424,
            0,
            0,
            0
        ],
        [
            0,
            0,
            0,
            0,
            0,
            0,
            0,
            0,
            0,
            0,
            0,
            0,
            0,
            11.008039648411229,
            109.32810751961247,
            168.0649056421706,
            230.92771303923695,
            221.56914765069664,
            263.192785218122,
            244.19819638240034,
            236.41330121400082,
            269.35143589402117,
            239.3001353599338,
            221.90702362343376,
            206.5995558690817,
            217.42980502009365,
            204.61736465853187,
            205.34722630054938,
            215.5563068549827,
            197.91610487898458,
            189.64630983266784,
            160.9283947066231,
            152.45439607106422,
            85.3539485322201,
            120.84968372820722,
            110.66072854744363,
            72.66789839790628,
            -26.829970611082803,
            22.12224360559056,
            27.451538110825176,
            0,
            0
        ],
        [
            0,
            0,
            0,
            0,
            0,
            0,
            0,
            0,
            0,
            0,
            7.656672184537412,
            56.734684955042944,
            69.09966577882263,
            167.0991223174305,
            296.76840555599244,
            352.476938097463,
            423.48123134054686,
            382.86597897209106,
            429.1377056398603,
            389.71528734203173,
            371.01178580578966,
            410.03222347297447,
            363.5993331836823,
            336.4636658034401,
            314.7128083989852,
            327.0252008143212,
            310.46808800331246,
            311.0283150913445,
            323.2260372902907,
            301.62781399345954,
            291.42230994145797,
            256.471970705416,
            245.76588101250104,
            163.97484842908426,
            205.74783576668617,
            191.91690351524224,
            143.2742690343003,
            15.105459440288476,
            72.17227057666196,
            75.54484066095665,
            99.80922366485896,
            0
        ],
        [
            0,
            0,
            0,
            0,
            0,
            0,
            0,
            0,
            -15.440654015579614,
            -13.676320299008283,
            -5.2301968367037786,
            72.90798923673032,
            79.85462106569537,
            211.96333989783565,
            378.0460052579457,
            437.70831270680634,
            517.2045962460993,
            453.5173030323864,
            502.8444899504244,
            445.8362766655139,
            416.5368547780173,
            458.8272801414118,
            395.73825626280046,
            356.3739280498342,
            325.3449348933183,
            335.6476593503647,
            312.89424113559176,
            310.89133290390737,
            322.9717896516619,
            296.5060178240608,
            283.84671845791274,
            243.28132692758015,
            231.2788432924775,
            138.02664011807047,
            187.81758360769322,
            174.36217985333906,
            121.4543262467287,
            -23.96521852236292,
            48.801247236291,
            62.38440648284689,
            122.4149489745389,
            0
        ],
        [
            0,
            0,
            0,
            0,
            0,
            0,
            0,
            -14.428295075703058,
            -33.38320758790901,
            -18.840587863798138,
            -5.463345698944821,
            96.64926317481032,
            103.1069121621941,
            265.4749105347749,
            464.8244855176492,
            531.3141911159672,
            621.1561655551856,
            540.4222524890195,
            594.7521534936368,
            524.4468183650743,
            487.6290253072996,
            534.4802608083087,
            458.7382589822372,
            410.877412820236,
            373.55531591794437,
            383.80495631534797,
            356.8698756221811,
            353.693443672937,
            366.534590479047,
            336.17675486337095,
            321.5085029738225,
            275.71558423176714,
            262.0504157384843,
            157.57110603769902,
            213.2157321051887,
            198.1774392701502,
            138.99039874861464,
            -24.36505114376919,
            57.51789716334235,
            73.41153354445606,
            147.70268775009967,
            0
        ],
        [
            0,
            0,
            0,
            0,
            0,
            0,
            0,
            -4.462020984573907,
            -19.27785544186057,
            7.092467218845414,
            27.212041618202935,
            151.37149772705075,
            159.49246692666935,
            350.1337780168148,
            580.8495126214228,
            655.5813572653881,
            756.7201623823554,
            662.5891637252996,
            723.1591802404602,
            642.3972399906888,
            600.1931442743448,
            652.5637434706922,
            567.0953226212174,
            513.5946485798421,
            472.33353583437145,
            484.11385680301623,
            454.60856606133785,
            451.35432336264034,
            465.60310084840245,
            432.0327631042357,
            415.5501932703777,
            364.61972826702447,
            348.6867367436143,
            232.8109985563632,
            292.0220506934928,
            273.1907584924437,
            205.3611307492803,
            22.70790995894747,
            107.20622548897562,
            117.78918583324095,
            189.76701847379343,
            0
        ],
        [
            0,
            0,
            0,
            0,
            0,
            14.428295075703058,
            4.462020984573907,
            0,
            -16.496286596984284,
            16.21536936517243,
            39.98651551218093,
            182.375200480234,
            190.85200185316094,
            405.90546185688453,
            664.1586415739431,
            745.6188920216241,
            856.3334471075889,
            749.1613629296123,
            814.7059048567309,
            723.539613281156,
            675.5945626763339,
            732.3312462528072,
            636.7623376143414,
            576.658257575616,
            530.4839726875825,
            542.5738017603963,
            509.7024785720809,
            505.55546508497235,
            520.4514505885295,
            483.4160539128053,
            464.95764342657185,
            409.207367376146,
            391.3303580930659,
            265.49936875199757,
            328.58610335052276,
            307.29186695756414,
            233.15543883623295,
            35.92149505141483,
            124.80960891476752,
            133.54387434556162,
            203.1636709132802,
            0
        ],
        [
            0,
            0,
            0,
            0,
            15.440654015579614,
            33.38320758790901,
            19.27785544186057,
            16.496286596984284,
            0,
            39.682134169255185,
            67.74279334963838,
            227.3690191371396,
            236.8642534558497,
            474.9976415381477,
            759.3262708526179,
            847.7249298788429,
            967.9931078802971,
            849.3649608072838,
            920.1176322108873,
            819.8130467660136,
            767.0162446920177,
            828.2852290488225,
            723.918000489372,
            658.369744539835,
            608.2100007779873,
            621.0759054593492,
            585.4317176737325,
            580.694586915611,
            596.2940436951003,
            556.0040076368009,
            535.5178867828588,
            474.9674817846247,
            454.7423851515356,
            319.14838698362223,
            384.6386015912008,
            359.7406547819917,
            278.3473214984172,
            66.96036427275125,
            156.32609793494103,
            158.8772114693586,
            213.49862721975958,
            0
        ],
        [
            0,
            0,
            0,
            0,
            13.676320299008283,
            18.840587863798138,
            -7.092467218845414,
            -16.21536936517243,
            -39.682134169255185,
            0,
            27.61494121598112,
            200.36259458174186,
            208.17482667993175,
            465.1739763978538,
            771.3263075033913,
            863.8980210939757,
            990.8653829309362,
            859.4251945871509,
            932.9789258194667,
            822.1511389511408,
            762.9060096872513,
            826.5778548827415,
            711.3829746918287,
            637.5754728384865,
            580.8838104978581,
            592.0461835560475,
            551.7948130106864,
            544.9162705580513,
            560.0305225856947,
            516.1001587232953,
            493.65898911189896,
            429.24389339015426,
            408.0689818921061,
            265.7172080216275,
            336.0888823780572,
            311.76255849101545,
            229.15004615860062,
            13.235686913338121,
            111.01559129519221,
            119.19507730010336,
            168.4575689053571,
            0
        ],
        [
            0,
            0,
            0,
            -7.656672184537412,
            5.2301968367037786,
            5.463345698944821,
            -27.212041618202935,
            -39.98651551218093,
            -67.74279334963838,
            -27.61494121598112,
            0,
            182.1596222961064,
            188.99278046449047,
            459.4745877803568,
            781.2154141780352,
            876.9309314802081,
            1008.8153156412865,
            868.4938624330366,
            944.1830144432702,
            826.05829950897,
            762.3846806424934,
            827.875322471539,
            705.1894141898281,
            625.7362882941466,
            564.5958268755948,
            574.6877074396542,
            531.2995348793365,
            522.9920869810361,
            537.8045453021565,
            491.3523953059267,
            467.5387265335985,
            400.43122966534503,
            378.5422291048432,
            231.61968991910888,
            305.1119211602058,
            281.0301845775419,
            197.63467546552647,
            -20.237277701574317,
            82.42992025777646,
            93.63981983840434,
            128.57776196052,
            0
        ],
        [
            0,
            0,
            0,
            -56.734684955042944,
            -72.90798923673032,
            -96.64926317481032,
            -151.37149772705075,
            -182.375200480234,
            -227.36901913714055,
            -200.36259458174186,
            -182.1596222961064,
            0,
            0.43082452470046495,
            273.9403035380982,
            600.2616558206902,
            692.8146623189281,
            822.8629961225419,
            672.0852969428652,
            744.5473169748508,
            617.3654786522662,
            546.6643830952539,
            609.3165262264888,
            476.2331639749136,
            386.43079391983326,
            316.59261851823044,
            321.07463866954953,
            271.7654020421611,
            259.6960368975025,
            272.61999976859676,
            224.1552011958551,
            200.4542367671308,
            134.20855317628082,
            116.17091751704457,
            -27.196367707553737,
            56.82711757868431,
            44.3653794083317,
            -24.42204698004405,
            -223.18312463617053,
            -91.72920330820101,
            -41.70246525533775,
            44.37338262628918,
            0
        ],
        [
            0,
            0,
            0,
            -69.09966577882263,
            -79.85462106569537,
            -103.1069121621941,
            -159.49246692666935,
            -190.85200185316094,
            -236.8642534558497,
            -208.17482667993175,
            -188.99278046449047,
            -0.4308245247004639,
            0,
            282.3897734415632,
            618.8780659270832,
            713.9096380062998,
            847.5060002988648,
            691.7410343543052,
            765.9871334749827,
            634.7500431349096,
            561.7428962508427,
            625.9182940141973,
            488.790480790895,
            396.20945896324184,
            324.2608599661906,
            328.62697021270606,
            277.86769118901196,
            265.3091241945611,
            278.335585343065,
            228.55985342847367,
            204.14706069451142,
            136.34001129922308,
            117.79884795622691,
            -28.2691225150755,
            57.15122783487887,
            44.4035402454942,
            -25.14271814654278,
            -224.22686542990925,
            -91.23288727374323,
            -40.19822931940661,
            19.740367229293902,
            0
        ],
        [
            0,
            0,
            -11.008039648411229,
            -167.0991223174305,
            -211.96333989783565,
            -265.4749105347749,
            -350.1337780168148,
            -405.90546185688453,
            -474.9976415381477,
            -465.1739763978538,
            -459.4745877803568,
            -273.9403035380982,
            -282.3897734415632,
            0,
            338.0387509902428,
            427.50493422049436,
            556.8691303975826,
            388.9377992837012,
            457.85502086779104,
            315.96407427698784,
            234.30327861612375,
            293.8332173979232,
            144.24851237560975,
            38.757675487595115,
            -44.040419804120376,
            -47.106671702065505,
            -104.96716983093998,
            -121.9737216429522,
            -110.95164781959343,
            -162.0073216533445,
            -184.84989092176554,
            -249.32214888121896,
            -260.65106867821254,
            -398.1450263845078,
            -296.5672962238107,
            -289.9301376878828,
            -334.41835696702765,
            -499.29843973777287,
            -319.5267931786957,
            -199.42622565650842,
            0,
            0
        ],
        [
            0,
            0,
            -109.32810751961253,
            -296.76840555599244,
            -378.0460052579457,
            -464.8244855176492,
            -580.8495126214228,
            -664.1586415739431,
            -759.3262708526179,
            -771.3263075033913,
            -781.2154141780352,
            -600.2616558206902,
            -618.8780659270844,
            -338.0387509902428,
            0,
            82.66036767940257,
            206.56019139265393,
            25.575465735616618,
            88.08974038296388,
            -65.27049433795086,
            -156.40684742930293,
            -102.42688687481767,
            -265.4819764071438,
            -385.10722147736976,
            -479.7311766497517,
            -490.9934822141729,
            -556.3400514915078,
            -577.8691390824127,
            -568.5680924613179,
            -620.1072243906685,
            -640.120211123786,
            -699.3654712572348,
            -700.9993799005234,
            -826.4034227693121,
            -704.6249052875504,
            -673.1303101426329,
            -685.199685671181,
            -805.1871282458756,
            -564.6734971254411,
            -348.2468235408735,
            0,
            0
        ],
        [
            0,
            0,
            -168.06490564217063,
            -352.476938097463,
            -437.70831270680634,
            -531.3141911159672,
            -655.5813572653881,
            -745.6188920216241,
            -847.7249298788429,
            -863.8980210939757,
            -876.9309314802081,
            -692.8146623189281,
            -713.909638006301,
            -427.50493422049436,
            -82.66036767940257,
            0,
            124.94147109576056,
            -62.55497258223469,
            -0.4015553745298387,
            -159.24603620803046,
            -254.20111911498446,
            -200.5259898870587,
            -369.46914021741065,
            -494.2159374257997,
            -592.8773838982681,
            -605.9059376581865,
            -673.6139578946745,
            -696.0535395208303,
            -686.4889716952204,
            -738.190770515121,
            -757.006602444262,
            -814.7286093012813,
            -812.8577961518312,
            -934.8703243576261,
            -805.2802237542808,
            -764.9916133156263,
            -765.3026606889338,
            -866.4680245079733,
            -601.4613115193587,
            -335.5606324410987,
            0,
            0
        ],
        [
            0,
            0,
            -230.92771303923695,
            -423.48123134054686,
            -517.2045962460993,
            -621.1561655551856,
            -756.7201623823554,
            -856.3334471075889,
            -967.9931078802992,
            -990.8653829309362,
            -1008.8153156412865,
            -822.8629961225419,
            -847.5060002988655,
            -556.8691303975826,
            -206.56019139265393,
            -124.94147109576056,
            0,
            -194.7117843294239,
            -133.82056271511237,
            -298.7995472916885,
            -398.24142035476643,
            -345.63651097486263,
            -521.2913923130119,
            -652.1828288150913,
            -755.7207560561717,
            -771.2168089012509,
            -841.6864144434691,
            -865.218265164738,
            -855.317088541785,
            -906.7046048681727,
            -923.5148179347436,
            -978.4155361999328,
            -971.3294533886988,
            -1087.3865322551144,
            -947.1833163096549,
            -894.1545543770351,
            -877.220123766483,
            -951.0072965506739,
            -650.0988702850298,
            -299.42531040899536,
            0,
            0
        ],
        [
            0,
            0,
            -221.56914765069664,
            -382.86597897209106,
            -453.5173030323864,
            -540.4222524890195,
            -662.5891637252996,
            -749.1613629296123,
            -849.3649608072838,
            -859.4251945871509,
            -868.4938624330366,
            -672.0852969428641,
            -691.7410343543063,
            -388.9377992837012,
            -25.57546573561658,
            62.55497258223469,
            194.7117843294239,
            0,
            66.29932085668209,
            -98.24097020244794,
            -195.97233504588212,
            -138.70533034504945,
            -312.8501290620855,
            -440.2215414461762,
            -540.4453840689227,
            -551.8571030077123,
            -620.1461976002033,
            -641.6870564799434,
            -630.3831751807666,
            -682.489074268574,
            -700.7880127499998,
            -759.0185292633786,
            -756.0653527063004,
            -878.8578633768101,
            -745.5656854868527,
            -702.4307751112344,
            -697.5300786608957,
            -781.7178265200115,
            -499.4500584549039,
            -121.37513312496375,
            0,
            0
        ],
        [
            0,
            0,
            -263.192785218122,
            -429.1377056398603,
            -502.8444899504244,
            -594.7521534936368,
            -723.1591802404602,
            -814.7059048567309,
            -920.1176322108873,
            -932.9789258194667,
            -944.1830144432702,
            -744.5473169748508,
            -765.9871334749832,
            -457.85502086779104,
            -88.08974038296388,
            0.4015553745298387,
            133.82056271511237,
            -66.29932085668212,
            0,
            -169.04649014790536,
            -269.8213769851874,
            -212.53417773614512,
            -391.38544199831205,
            -522.6512388588884,
            -625.8238451162605,
            -638.2463569924164,
            -708.0324585378496,
            -729.8374631892653,
            -717.8155205425787,
            -769.4620888948677,
            -786.1258329884553,
            -842.2440439757631,
            -835.4915769108072,
            -953.7720446445609,
            -813.050794795006,
            -760.6837485591361,
            -742.341149690393,
            -801.1153955850186,
            -486.0095038101423,
            0,
            0,
            0
        ],
        [
            0,
            -75.42080490967267,
            -244.19819638240034,
            -389.71528734203173,
            -445.8362766655139,
            -524.4468183650743,
            -642.3972399906888,
            -723.539613281156,
            -819.8130467660136,
            -822.1511389511408,
            -826.05829950897,
            -617.3654786522662,
            -634.7500431349096,
            -315.96407427698784,
            65.27049433795086,
            159.24603620803046,
            298.7995472916885,
            98.24097020244794,
            169.04649014790536,
            0,
            -99.59909904858921,
            -38.4511502682787,
            -216.4380706955352,
            -345.13256387920615,
            -445.8575634238608,
            -455.1093275581467,
            -523.3601809211183,
            -543.7691531902565,
            -530.8603509755006,
            -583.3963280355379,
            -601.6081305225613,
            -660.7507492857006,
            -657.763581760709,
            -781.5284028418696,
            -647.2702925652682,
            -603.4892589081218,
            -594.758177773391,
            -657.6354619023864,
            -353.435507127873,
            0,
            0,
            0
        ],
        [
            0,
            -129.3609254990168,
            -236.41330121400082,
            -371.01178580578966,
            -416.5368547780173,
            -487.6290253072996,
            -600.1931442743448,
            -675.5945626763339,
            -767.0162446920177,
            -762.9060096872513,
            -762.3846806424934,
            -546.6643830952531,
            -561.7428962508427,
            -234.30327861612375,
            156.4068474293028,
            254.20111911498432,
            398.24142035476626,
            195.97233504588212,
            269.8213769851873,
            99.59909904858921,
            0,
            63.74537102088544,
            -114.88623075547203,
            -242.87592825112654,
            -342.7455451622341,
            -350.19527093201856,
            -417.8704857513283,
            -437.5242758940404,
            -424.0071878085204,
            -477.17304498843225,
            -496.21609790363334,
            -557.0195353972767,
            -555.8802175656062,
            -682.1158210335689,
            -551.0046745773138,
            -511.0759788389345,
            -505.2903255573388,
            -561.0385903577968,
            -247.73799366817374,
            0,
            0,
            0
        ],
        [
            0,
            -176.9862364958005,
            -269.35143589402117,
            -410.03222347297447,
            -458.8272801414118,
            -534.4802608083087,
            -652.5637434706922,
            -732.3312462528072,
            -828.2852290488225,
            -826.5778548827415,
            -827.875322471539,
            -609.3165262264888,
            -625.9182940141973,
            -293.8332173979232,
            102.42688687481767,
            200.5259898870586,
            345.63651097486263,
            138.70533034504945,
            212.53417773614512,
            38.4511502682787,
            -63.74537102088544,
            0,
            -182.60112038037917,
            -313.82599447149914,
            -416.0782280611511,
            -424.2796674948603,
            -493.01539986519265,
            -512.6767886644615,
            -498.3363575088067,
            -550.6825753509179,
            -567.8652351939494,
            -626.077892404178,
            -620.9136883189057,
            -741.3247600897538,
            -603.1566452314117,
            -553.2155983323414,
            -531.1831489862487,
            -549.1361965355763,
            -145.89450022671215,
            0,
            0,
            0
        ],
        [
            0,
            -194.08508198896965,
            -239.3001353599338,
            -363.5993331836823,
            -395.73825626280046,
            -458.7382589822372,
            -567.0953226212174,
            -636.7623376143414,
            -723.918000489372,
            -711.3829746918287,
            -705.1894141898281,
            -476.2331639749136,
            -488.79048079089546,
            -144.24851237560975,
            265.481976407144,
            369.4691402174105,
            521.2913923130118,
            312.8501290620855,
            391.38544199831205,
            216.4380706955352,
            114.88623075547203,
            182.60112038037917,
            0,
            -129.3511101669089,
            -229.7303451730651,
            -235.1353666226414,
            -302.85117139787735,
            -321.60707228673465,
            -306.95819317630014,
            -360.771325185489,
            -380.1543345163807,
            -441.82537534532116,
            -441.1165853634184,
            -566.0774655061573,
            -436.3277645454018,
            -395.4847976524168,
            -380.17132392339647,
            -376.48601366437407,
            0,
            0,
            0,
            0
        ],
        [
            0,
            -211.2557764061984,
            -221.90702362343376,
            -336.4636658034401,
            -356.3739280498342,
            -410.877412820236,
            -513.5946485798421,
            -576.658257575616,
            -658.369744539835,
            -637.5754728384865,
            -625.7362882941466,
            -386.43079391983326,
            -396.20945896324184,
            -38.757675487595115,
            385.10722147736976,
            494.2159374257997,
            652.182828815091,
            440.2215414461762,
            522.6512388588883,
            345.13256387920615,
            242.87592825112654,
            313.82599447149914,
            129.3511101669089,
            0,
            -99.99522454177823,
            -103.65324915420152,
            -171.17320850507934,
            -189.49951691298241,
            -174.7405999931515,
            -229.70640686852508,
            -250.57087824160726,
            -314.0980134509443,
            -315.86950643158116,
            -440.53690312290956,
            -316.782645109506,
            -279.2209780918313,
            -257.1562207757975,
            -143.7326432803161,
            0,
            0,
            0,
            0
        ],
        [
            0,
            -220.03939328091974,
            -206.5995558690817,
            -314.7128083989852,
            -325.3449348933183,
            -373.55531591794437,
            -472.33353583437145,
            -530.4839726875825,
            -608.2100007779873,
            -580.8838104978581,
            -564.5958268755948,
            -316.59261851823044,
            -324.2608599661906,
            44.040419804120376,
            479.7311766497517,
            592.8773838982681,
            755.7207560561717,
            540.4453840689227,
            625.8238451162605,
            445.8575634238608,
            342.7455451622341,
            416.0782280611511,
            229.7303451730651,
            99.99522454177823,
            0,
            -2.64591494213245,
            -70.2539035131133,
            -88.56942182283689,
            -74.20914187277026,
            -130.21390250220495,
            -152.49265390494227,
            -217.14019295224227,
            -220.92152775666005,
            -342.36493758728545,
            -225.00160953115378,
            -188.27903148612293,
            -145.99110220520134,
            0,
            0,
            0,
            0,
            0
        ],
        [
            76.08207510052064,
            -241.52310206953624,
            -217.42980502009365,
            -327.0252008143212,
            -335.6476593503647,
            -383.80495631534797,
            -484.11385680301623,
            -542.5738017603963,
            -621.0759054593487,
            -592.0461835560475,
            -574.6877074396542,
            -321.07463866954953,
            -328.62697021270606,
            47.106671702065505,
            490.9934822141732,
            605.9059376581864,
            771.2168089012506,
            551.8571030077123,
            638.2463569924163,
            455.1093275581467,
            350.19527093201856,
            424.2796674948603,
            235.1353666226414,
            103.65324915420152,
            2.64591494213245,
            0,
            -67.78817217467379,
            -85.85696426243483,
            -71.22140030113302,
            -126.26889721208747,
            -147.2787538312041,
            -208.68738296618287,
            -209.2758096709851,
            -317.64577833123224,
            -198.52219188988178,
            -145.30299174574554,
            0,
            0,
            0,
            0,
            0,
            0
        ],
        [
            172.56042646464158,
            -243.2230481260743,
            -204.61736465853187,
            -310.46808800331246,
            -312.89424113559176,
            -356.8698756221811,
            -454.6085660613371,
            -509.7024785720809,
            -585.431717673732,
            -551.7948130106864,
            -531.2995348793363,
            -271.76540204216093,
            -277.86769118901196,
            104.96716983093998,
            556.3400514915078,
            673.6139578946743,
            841.6864144434688,
            620.1461976002032,
            708.0324585378494,
            523.3601809211183,
            417.8704857513283,
            493.01539986519253,
            302.85117139787735,
            171.17320850507934,
            70.25390351311327,
            67.78817217467378,
            0,
            -18.415028070496156,
            -4.90031062218789,
            -60.37026131924028,
            -82.43978719938951,
            -143.0544462326461,
            -144.47613971654343,
            -241.13762079351244,
            -128.3508031327611,
            -50.340317110497956,
            0,
            0,
            0,
            0,
            0,
            0
        ],
        [
            225.75193117432792,
            -251.9922926989165,
            -205.34722630054935,
            -311.0283150913445,
            -310.89133290390737,
            -353.693443672937,
            -451.35432336264006,
            -505.55546508497235,
            -580.6945869156107,
            -544.9162705580513,
            -522.9920869810361,
            -259.6960368975025,
            -265.3091241945612,
            121.9737216429522,
            577.8691390824125,
            696.0535395208302,
            865.2182651647377,
            641.6870564799434,
            729.8374631892653,
            543.7691531902565,
            437.5242758940404,
            512.6767886644615,
            321.60707228673465,
            189.49951691298241,
            88.56942182283689,
            85.85696426243483,
            18.415028070496156,
            0,
            12.814514879221644,
            -41.47667786228665,
            -62.72286052576878,
            -119.03198254919796,
            -117.38646798795466,
            -190.6264532454214,
            -72.41991403973304,
            0,
            0,
            0,
            0,
            0,
            0,
            0
        ],
        [
            258.4200035697583,
            -265.77690658457794,
            -215.55630685498267,
            -323.2260372902907,
            -322.9717896516616,
            -366.534590479047,
            -465.60310084840245,
            -520.4514505885295,
            -596.2940436951003,
            -560.0305225856947,
            -537.8045453021563,
            -272.6199997685967,
            -278.3355853430651,
            110.95164781959343,
            568.5680924613179,
            686.4889716952201,
            855.317088541785,
            630.3831751807666,
            717.8155205425786,
            530.8603509755006,
            424.0071878085204,
            498.3363575088067,
            306.95819317630014,
            174.7405999931515,
            74.20914187277026,
            71.22140030113302,
            4.90031062218789,
            -12.814514879221644,
            0,
            -51.08888935783607,
            -69.18230446580831,
            -116.70243536245303,
            -106.45695229501574,
            -133.39036562722086,
            0,
            0,
            0,
            0,
            0,
            0,
            0,
            0
        ],
        [
            289.5913434869398,
            -256.89438623438707,
            -197.9161048789846,
            -301.6278139934595,
            -296.5060178240608,
            -336.17675486337095,
            -432.03276310423536,
            -483.4160539128053,
            -556.0040076368009,
            -516.1001587232953,
            -491.3523953059267,
            -224.1552011958551,
            -228.5598534284737,
            162.0073216533445,
            620.1072243906684,
            738.190770515121,
            906.7046048681725,
            682.489074268574,
            769.4620888948677,
            583.3963280355379,
            477.17304498843225,
            550.6825753509179,
            360.771325185489,
            229.70640686852508,
            130.21390250220495,
            126.26889721208747,
            60.370261319240285,
            41.47667786228665,
            51.08888935783607,
            0,
            -19.811708493977367,
            -63.20271324541384,
            -50.881214990274906,
            0,
            0,
            0,
            0,
            0,
            0,
            0,
            0,
            0
        ],
        [
            307.0764401990404,
            -253.1195572646036,
            -189.64630983266787,
            -291.4223099414579,
            -283.8467184579125,
            -321.5085029738225,
            -415.5501932703777,
            -464.957643426572,
            -535.5178867828585,
            -493.65898911189896,
            -467.5387265335983,
            -200.4542367671308,
            -204.14706069451148,
            184.84989092176554,
            640.1202111237858,
            757.006602444262,
            923.5148179347436,
            700.7880127499998,
            786.125832988455,
            601.6081305225613,
            496.21609790363334,
            567.8652351939494,
            380.1543345163807,
            250.57087824160726,
            152.49265390494227,
            147.2787538312041,
            82.43978719938951,
            62.72286052576878,
            69.18230446580831,
            19.811708493977367,
            0,
            -33.203545207920016,
            0,
            0,
            0,
            0,
            0,
            0,
            0,
            0,
            0,
            0
        ],
        [
            322.8419758035538,
            -232.00385873315793,
            -160.9283947066231,
            -256.471970705416,
            -243.28132692757995,
            -275.71558423176714,
            -364.6197282670244,
            -409.20736737614624,
            -474.9674817846244,
            -429.24389339015426,
            -400.43122966534503,
            -134.20855317628082,
            -136.3400112992231,
            249.32214888121896,
            699.3654712572345,
            814.728609301281,
            978.4155361999328,
            759.0185292633786,
            842.244043975763,
            660.7507492857007,
            557.0195353972767,
            626.077892404178,
            441.82537534532116,
            314.0980134509443,
            217.14019295224227,
            208.68738296618287,
            143.05444623264606,
            119.03198254919796,
            116.70243536245303,
            63.20271324541384,
            33.203545207920016,
            0,
            0,
            0,
            0,
            0,
            0,
            0,
            0,
            0,
            0,
            0
        ],
        [
            318.94834277134095,
            -224.3302646522957,
            -152.45439607106422,
            -245.76588101250104,
