{
    "bin_ranges": {
        "m3pi_lower_limit": 2.02,
        "m3pi_upper_limit": 2.06,
        "t_lower_limit": 0.326,
        "t_upper_limit": 1
    },
    "info": "The dalitz matrix M is computed as sqrt(-Kibble) * (A[1]-A[2])",
    "bin_centers": [
        0.29900000000000004,
        0.33999999999999997,
        0.38,
        0.42000000000000004,
        0.45999999999999996,
        0.5,
        0.54,
        0.5800000000000001,
        0.62,
        0.66,
        0.69,
        0.71,
        0.73,
        0.75,
        0.77,
        0.79,
        0.81,
        0.83,
        0.85,
        0.87,
        0.89,
        0.91,
        0.94,
        0.98,
        1.02,
        1.06,
        1.1,
        1.1400000000000001,
        1.18,
        1.22,
        1.26,
        1.3,
        1.34,
        1.38,
        1.42,
        1.46,
        1.5,
        1.54,
        1.58,
        1.62,
        1.66,
        1.7,
        1.74,
        1.78,
        1.82,
        1.8599999999999999,
        1.9
    ],
    "real(M)": [
        [
            0,
            0,
            0,
            0,
            0,
            0,
            0,
            0,
            0,
            0,
            0,
            0,
            0,
            0,
            0,
            0,
            0,
            0,
            0,
            0,
            0,
            0,
            0,
            0,
            0,
            0,
            0,
            0,
            128.5372024971362,
            222.11921704581042,
            275.2050898780586,
            324.44778885091955,
            340.81110048369857,
            304.8568646047054,
            343.30924620541555,
            317.1694280437352,
            271.66857411150187,
            268.88286922735824,
            218.45336031341628,
            162.24996285525464,
            77.55685750688058,
            0,
            0,
            0,
            0,
            0,
            0
        ],
        [
            0,
            0,
            0,
            0,
            0,
            0,
            0,
            0,
            0,
            0,
            0,
            0,
            0,
            0,
            0,
            0,
            0,
            0,
            0,
            0,
            0,
            0,
            0,
            79.91147066389074,
            94.9047788798748,
            128.5727041553257,
            148.67281253588718,
            148.28056463143253,
            191.11181715645503,
            171.71829142196026,
            165.72672980688054,
            189.921013478152,
            170.695530677331,
            73.33251521421357,
            130.7549604138397,
            83.88370548543371,
            15.818865653445277,
            44.578305140206496,
            3.6888865701234987,
            -15.539157826454188,
            75.32240277158412,
            55.39808029955558,
            96.70229925531824,
            78.10647543737394,
            0,
            0,
            0
        ],
        [
            0,
            0,
            0,
            0,
            0,
            0,
            0,
            0,
            0,
            0,
            0,
            0,
            0,
            0,
            0,
            0,
            0,
            29.314219664934217,
            98.56924400811461,
            152.7767245927888,
            161.74525336166937,
            193.60033730597658,
            219.6794982340244,
            233.2035735524033,
            199.4239180938179,
            233.36443576456386,
            249.64140336484206,
            239.06446598941875,
            293.7354704513818,
            261.1226527047714,
            249.4779646352462,
            279.7544086234384,
            252.18285402552175,
            121.88330103820613,
            197.6526688006404,
            135.55242054778836,
            45.356182801374445,
            83.41719039318183,
            28.202293810735977,
            0.8498698408842824,
            128.03092260028237,
            102.81245395434925,
            184.18542278370415,
            281.4543551092129,
            47.92382840972274,
            0,
            0
        ],
        [
            0,
            0,
            0,
            0,
            0,
            0,
            0,
            0,
            0,
            0,
            0,
            0,
            0,
            -9.67157729776571,
            11.503306897650505,
            12.306812689212611,
            85.87689161129151,
            136.75414322377432,
            68.16739663805768,
            103.92806588900625,
            69.21438221824273,
            85.52192076357002,
            83.06571488351351,
            60.138714396651224,
            -17.52636434447544,
            1.7928686518852248,
            0.7860998802438921,
            -31.295749286698996,
            21.01849504402607,
            -33.05042649116863,
            -58.403494034498955,
            -30.207784696392547,
            -70.26865316515031,
            -232.16420713712333,
            -142.01627088823534,
            -216.11553355443377,
            -321.53904676689933,
            -269.0340680796817,
            -326.45127416321026,
            -346.7935983229123,
            -172.1157864681972,
            -178.67259182716282,
            -39.47554952234608,
            151.62619837201748,
            -100.4124587532466,
            -66.01975776641838,
            0
        ],
        [
            0,
            0,
            0,
            0,
            0,
            0,
            0,
            0,
            0,
            0,
            -70.6989353622519,
            -105.4066604642588,
            -60.51716074860299,
            -60.349961184411875,
            -14.534779934993198,
            -19.870304153975116,
            87.10863454822199,
            150.0752227393834,
            44.82250700214617,
            87.36330400513313,
            36.181192114763775,
            53.12816687611647,
            44.33379159850049,
            9.751358584900814,
            -89.47817048998229,
            -69.44081921235053,
            -73.7273552113773,
            -114.37365089457165,
            -55.125234045504236,
            -120.53054344529335,
            -151.6514703800184,
            -120.08219287690575,
            -167.41976437101346,
            -355.14386821889264,
            -250.86197692965783,
            -336.0459958362229,
            -457.00703842468164,
            -395.2579896944315,
            -460.2473216012307,
            -482.217826460412,
            -276.7670915504969,
            -281.3300978680471,
            -112.419127097132,
            126.9852246585416,
            -176.73092635334456,
            -149.65317942997316,
            0
        ],
        [
            0,
            0,
            0,
            0,
            0,
            0,
            0,
            0,
            20.5303571488674,
            -73.81129834493792,
            15.203963838813038,
            4.65533678934266,
            105.35095163511772,
            127.23395514954245,
            207.00752872030992,
            214.99857934250102,
            364.65787109417886,
            454.0094641302414,
            334.46180857323424,
            397.16724349143965,
            345.8322015867608,
            376.4052825751797,
            380.63036819880637,
            358.5398368372774,
            260.7444703924682,
            300.2147311757256,
            309.9567752814732,
            276.69950812948457,
            355.68530514684255,
            291.4018219683668,
            264.5641986787119,
            306.8127719171836,
            258.2118083881691,
            49.8761061622959,
            167.91691559213527,
            70.66777189659022,
            -69.25708639913582,
            -6.9778307094650085,
            -90.31369597553156,
            -129.2515205430131,
            83.32717050887211,
            54.312536532893276,
            215.3170184676672,
            451.0458854424275,
            47.91752728366005,
            -8.1378454457819,
            0
        ],
        [
            0,
            0,
            0,
            0,
            0,
            0,
            0,
            13.774006868746165,
            153.21853923569722,
            20.002249795873073,
            170.00371901889375,
            167.72620084032377,
            305.20734456333327,
            340.14678512542406,
            444.37053312767574,
            460.4958052208508,
            644.106813073186,
            754.1080256324,
            619.7043886426242,
            698.0855326703274,
            644.4815712168319,
            685.2715832690781,
            698.3999468380487,
            684.1245642199895,
            584.3168355499212,
            638.6761535182718,
            658.6529643094041,
            629.7545606711855,
            724.8684136996781,
            659.628783085098,
            635.0275226826286,
            685.7276711939829,
            634.6843661853688,
            406.1509098842069,
            536.2692589647464,
            427.375319513109,
            269.78354987377685,
            332.74468024622337,
            233.11443375006783,
            179.62936154405665,
            399.75655133228014,
            350.2815952549683,
            505.665969136002,
            738.6134431593312,
            254.75804839367152,
            137.17867557757353,
            0
        ],
        [
            0,
            0,
            0,
            0,
            0,
            0,
            -13.774006868746165,
            0,
            174.50396871550714,
            -19.498366254563734,
            156.09475515443765,
            146.89308006096977,
            302.9672855153422,
            337.1251542589496,
            451.3644978176254,
            463.6785331491761,
            667.2463980992337,
            785.848287171023,
            628.1336497928129,
            711.381714519016,
            646.5404236151234,
            687.9104502648919,
            696.6098883483997,
            673.7681164019226,
            557.437891705375,
            612.2875787407161,
            629.654256859556,
            593.8950622280555,
            694.5018024609542,
            620.0452546633734,
            590.6316680958042,
            643.8343050239697,
            586.6358356621648,
            337.02264085872844,
            478.08078280755467,
            359.9496625924742,
            189.75870712289267,
            259.53734389853975,
            153.79045913658246,
            98.94399673498845,
            341.1063558933293,
            292.59097705036214,
            466.81426954730017,
            726.1709021216711,
            214.96171818824482,
            104.05855254444809,
            0
        ],
        [
            0,
            0,
            0,
            0,
            0,
            -20.5303571488674,
            -153.21853923569722,
            -174.50396871550714,
            0,
            -269.978480481749,
            -90.13369240552782,
            -116.77540440047193,
            45.136739378586,
            68.18867818797901,
            181.51314254217735,
            180.63293159112192,
            393.1956788899373,
            510.71013203857854,
            322.6017568907064,
            401.8421859838589,
            318.25812626055654,
            352.1626114202193,
            345.20590455284764,
            299.90656436399956,
            154.68763510125137,
            197.7637947286032,
            201.5873865065735,
            149.4690987234509,
            246.62540180615684,
            156.1591431131377,
            116.29468237814189,
            167.42674122893112,
            101.61519718475422,
            -168.83928012049088,
            -16.73528204256701,
            -140.59498884517905,
            -317.25911643107395,
            -233.39923024174374,
            -334.02397193754814,
            -375.9576481036423,
            -96.05842730365211,
            -121.0108170699785,
            97.8870699638852,
            414.48442378902564,
            -68.81643041943877,
            -101.2034627577275,
            0
        ],
        [
            0,
            0,
            0,
            0,
            0,
            73.81129834493792,
            -20.002249795873073,
            19.498366254563734,
            269.978480481749,
            0,
            229.76631589372658,
            216.44317878150594,
            411.83617446822143,
            451.78236142780406,
            590.4497838218879,
            602.6081078838448,
            848.0165918024207,
            988.1880093798987,
            794.487228288322,
            892.0544227153732,
            812.1947004957253,
            859.6706088319895,
            867.4979772185482,
            837.8692073487117,
            699.3381695981135,
            762.3516490047399,
            781.4560890161405,
            738.8752528439221,
            854.56010847205,
            767.394087241347,
            732.5329169473662,
            792.7843168042058,
            725.9051375330782,
            438.63747222748606,
            599.0469508155578,
            462.7300091447525,
            267.3627895406766,
            345.16974993269355,
            223.22595301702162,
            158.98229581723632,
            428.8943504754789,
            369.81332435797816,
            557.5364774398248,
            831.6008931887077,
            258.25230607985645,
            121.38115080018991,
            0
        ],
        [
            0,
            0,
            0,
            0,
            70.6989353622519,
            -15.203963838813038,
            -170.00371901889375,
            -156.09475515443765,
            90.13369240552782,
            -229.76631589372658,
            0,
            -26.03930942126627,
            171.63484199285202,
            202.98275880319827,
            339.7332068859291,
            341.94399501598906,
            592.0883136870904,
            730.3934743706511,
            515.3195124325932,
            609.0919658422825,
            515.5916514829555,
            556.9939011232627,
            552.7580583544493,
            506.06009489121743,
            346.23098375003264,
            399.65044017436765,
            408.13625814442753,
            353.2271226594228,
            465.4981477717672,
            366.6926777497505,
            324.201514657919,
            382.7149141066123,
            310.0590948732938,
            9.367751907963152,
            177.7960139508805,
            39.01381393696329,
            -158.58324049595143,
            -69.17915098853979,
            -184.29569556199135,
            -235.7525034944905,
            62.63421974043624,
            25.289895400099233,
            247.62612303571473,
            562.5970191769038,
            29.970152942457002,
            -28.747326874121217,
            0
        ],
        [
            0,
            0,
            0,
            0,
            105.4066604642588,
            -4.65533678934266,
            -167.72620084032377,
            -146.89308006096977,
            116.77540440047193,
            -216.44317878150594,
            26.03930942126627,
            0,
            206.96615536838843,
            240.39531931265984,
            383.25749940411913,
            386.1969212786872,
            646.2673355949225,
            790.0463098140403,
            567.6918898404323,
            665.2717018553691,
            569.0369467928047,
            612.3680841627754,
            608.7430938422488,
            561.5128829403984,
            397.60788998260654,
            453.65276002822696,
            463.2419109883697,
            407.44158388570185,
            523.6135489563268,
            422.4384389042309,
            379.1087574871357,
            439.44042640524907,
            364.82714404903214,
            56.04219805150068,
            228.61710642016214,
            85.81151438746775,
            -117.30110417519015,
            -26.61120479040503,
            -145.51162271689478,
            -199.456845501787,
            103.00056194846962,
            62.21895158933862,
            283.94564237305707,
            594.722512464556,
            52.46961792137453,
            -13.261648955230696,
            0
        ],
        [
            0,
            0,
            0,
            0,
            60.51716074860299,
            -105.35095163511772,
            -305.20734456333327,
            -302.9672855153422,
            -45.1367393785862,
            -411.83617446822143,
            -171.63484199285202,
            -206.96615536838843,
            0,
            26.734380577404433,
            167.07845508946897,
            162.53667144452098,
            424.3047709929896,
            565.7050667927202,
            328.8164403104525,
            422.87041203098477,
            316.9830906479109,
            355.42775166248833,
            342.69005418005077,
            282.82240637550757,
            103.7943979481406,
            152.2231143057027,
            153.74548110361167,
            89.01982468073112,
            202.05134721777236,
            92.85828437185522,
            44.28018336891736,
            103.30457003216199,
            25.220299736974468,
            -291.3143940647375,
            -112.97088144614966,
            -255.89488811727378,
            -458.3553362121641,
            -358.1309141660141,
            -469.4836886386992,
            -511.40123379562806,
            -187.16236943106452,
            -208.25769683726642,
            41.416740387454816,
            384.30679818448954,
            -112.5025060568611,
            -94.72927705055228,
            0
        ],
        [
            0,
            0,
            0,
            9.67157729776571,
            60.349961184411875,
            -127.23395514954245,
            -340.14678512542406,
            -337.1251542589496,
            -68.18867818797901,
            -451.78236142780406,
            -202.98275880319827,
            -240.39531931265984,
            -26.734380577404433,
            0,
            144.19500279948278,
            138.49504320530423,
            407.83184562071074,
            552.6619123461144,
            307.2107361937388,
            403.2225985952865,
            293.16187021723493,
            331.89200543543444,
            317.52230736504765,
            254.39201139173798,
            68.97536464289578,
            117.5812212631373,
            118.08531439381433,
            50.719605654951074,
            165.8891255117042,
            53.233503586110096,
            2.9465325958239346,
            63.072392623713874,
            -17.061361067258012,
            -340.88234982233,
            -158.1160396439219,
            -303.6052208389379,
            -509.3637612108441,
            -405.7230420488706,
            -517.3954392908332,
            -557.5981321522744,
            -225.4335130635924,
            -243.53974878507864,
            12.043031844477087,
            357.59470085450465,
            -128.41544394109485,
            -80.54823197923626,
            0
        ],
        [
            0,
            0,
            0,
            -11.503306897650505,
            14.534779934993198,
            -207.00752872030992,
            -444.37053312767574,
            -451.3644978176254,
            -181.5131425421767,
            -590.4497838218879,
            -339.7332068859291,
            -383.25749940411913,
            -167.07845508946897,
            -144.19500279948278,
            0,
            -10.45141693483155,
            262.71701451692303,
            407.46613486988696,
            150.38519680403792,
            245.0927588687456,
            127.87210260446084,
            163.87934764980983,
            143.618786880306,
            71.95026553699682,
            -124.60167335434622,
            -80.29910956484457,
            -84.78394570197577,
            -158.20906301207916,
            -43.943532988655676,
            -162.35669259415008,
            -216.098041852037,
            -156.0698666525094,
            -238.62718384037998,
            -569.096046744328,
            -380.9387646586685,
            -526.7485318924719,
            -732.4213420344972,
            -621.1833146263094,
            -727.328338106879,
            -758.4415479376335,
            -409.79041128644195,
            -413.25156361484284,
            -137.75922055053456,
            227.9659460871255,
            -215.65255270579857,
            -48.31250539977621,
            0
        ],
        [
            0,
            0,
            0,
            -12.306812689212611,
            19.870304153975116,
            -214.99857934250102,
            -460.4958052208508,
            -463.6785331491761,
            -180.63293159112192,
            -602.6081078838448,
            -341.94399501598906,
            -386.1969212786872,
            -162.53667144452098,
            -138.49504320530423,
            10.45141693483155,
            0,
            281.3662368054498,
            430.38026122024064,
            166.21260830810377,
            263.73062556540384,
            143.5000795264662,
            180.67572768737344,
            160.16429674477445,
            87.02815976084528,
            -114.05812586267734,
            -68.22696466927245,
            -72.43999231873215,
            -147.2477736084344,
            -30.034078855391336,
            -150.87898309333104,
            -205.56277420801854,
            -144.03989754074092,
            -228.18317544095675,
            -565.1645966049094,
            -373.0485601897404,
            -521.409502181073,
            -730.4102976947516,
            -616.8329135328786,
            -724.0516093999572,
            -754.6893185808382,
            -401.27746828806465,
            -404.0280321985346,
            -127.34596509478565,
            232.8815494266571,
            -197.15831126404964,
            0,
            0
        ],
        [
            0,
            0,
            0,
            -85.87689161129151,
            -87.10863454822199,
            -364.65787109417886,
            -644.106813073186,
            -667.2463980992337,
            -393.1956788899385,
            -848.0165918024207,
            -592.0883136870904,
            -646.2673355949225,
            -424.3047709929896,
            -407.83184562071074,
            -262.71701451692303,
            -281.3662368054498,
            0,
            145.43408292627672,
            -133.09911767899013,
            -40.10278479755747,
            -170.26989306203095,
            -138.73735913747618,
            -169.20865923699375,
            -255.86734944217872,
            -472.4373110847085,
            -435.1607639045211,
            -448.0445027948172,
            -531.958644507787,
            -418.4390751706616,
            -546.850337331885,
            -606.2519140526872,
            -545.5920349634766,
            -631.898587791872,
            -973.9055519717538,
            -774.8945738475634,
            -920.3019834751188,
            -1124.5461834585258,
            -998.1377489099463,
            -1092.349533149063,
            -1104.6446932722342,
            -724.7124177242091,
            -698.244142135225,
            -384.66735621446304,
            16.79994279460771,
            -319.789032764042,
            0,
            0
        ],
        [
            0,
            0,
            -29.314219664934217,
            -136.75414322377432,
            -150.0752227393834,
            -454.0094641302414,
            -754.1080256324,
            -785.848287171023,
            -510.71013203857854,
            -988.1880093798987,
            -730.3934743706511,
            -790.0463098140388,
            -565.7050667927202,
            -552.6619123461144,
            -407.4661348698876,
            -430.38026122024064,
            -145.43408292627691,
            0,
            -289.103275896572,
            -197.23139036935996,
            -333.88005102977843,
            -304.7687463154356,
            -340.5184592936828,
            -434.820039031524,
            -661.3605184891366,
            -627.7919013120538,
            -644.9612402465804,
            -734.0644511393899,
            -621.0297620225662,
            -754.1891899754822,
            -816.1675457257078,
            -755.0048519949436,
            -842.6962574071975,
            -1189.4613447160525,
            -984.6893282292947,
            -1128.8370560000578,
            -1330.9473592784334,
            -1195.9211743868154,
            -1282.326730309931,
            -1283.0979016593321,
            -886.1614854730589,
            -841.4593351761496,
            -505.93079952147644,
            -83.82227320045186,
            -341.5073703319923,
            0,
            0
        ],
        [
            0,
            0,
            -98.56924400811461,
            -68.16739663805768,
            -44.82250700214617,
            -334.46180857323424,
            -619.7043886426242,
            -628.1336497928129,
            -322.6017568907064,
            -794.487228288322,
            -515.3195124325932,
            -567.6918898404323,
            -328.8164403104525,
            -307.2107361937388,
            -150.38519680403792,
            -166.21260830810377,
            133.09911767899013,
            289.103275896572,
            0,
            100.70398933088727,
            -32.62970007201128,
            3.4030215513248705,
            -24.18305055848862,
            -109.3732300419865,
            -330.4526371313982,
            -286.83320558823317,
            -296.0500231526219,
            -379.69442849445454,
            -258.40503578549715,
            -389.24226356800233,
            -448.78537799508575,
            -384.37971512909814,
            -472.92678447825926,
            -826.2078134707635,
            -620.8242407610886,
            -771.6135264520607,
            -982.9067098629833,
            -855.0469119809958,
            -953.7515906860582,
            -968.7486435802641,
            -588.3253575117761,
            -566.9338446354661,
            -264.5306129659332,
            101.16077965925375,
            -184.907790878641,
            0,
            0
        ],
        [
            0,
            0,
            -152.7767245927888,
            -103.92806588900625,
            -87.36330400513313,
            -397.16724349143965,
            -698.0855326703274,
            -711.381714519016,
            -401.8421859838589,
            -892.0544227153732,
            -609.0919658422825,
            -665.2717018553691,
            -422.87041203098477,
            -403.2225985952865,
            -245.0927588687456,
            -263.73062556540384,
            40.10278479755747,
            197.23139036935996,
            -100.70398933088727,
            0,
            -138.39291391074812,
            -103.64517765781807,
            -134.76615973976217,
            -225.35367107566083,
            -454.13383852743715,
            -412.5143913918189,
            -424.4208155240101,
            -511.7418083497483,
            -389.9551471424726,
            -524.3785410706389,
            -585.6814639548824,
            -520.4293808528679,
            -610.0110200350408,
            -967.4249734754884,
            -757.1214331717067,
            -907.0434740212128,
            -1116.7340341732463,
            -982.1023897643717,
            -1074.5843780482342,
            -1080.3317911604797,
            -687.6948927158726,
            -651.9094228836233,
            -334.7915634459262,
            38.4385737726999,
            -135.53276038750903,
            0,
            0
        ],
        [
            0,
            0,
            -161.74525336166937,
            -69.21438221824273,
            -36.181192114763775,
            -345.8322015867608,
            -644.4815712168319,
            -646.5404236151234,
            -318.25812626055654,
            -812.1947004957253,
            -515.5916514829555,
            -569.0369467928037,
            -316.9830906479109,
            -293.16187021723493,
            -127.87210260446098,
            -143.50007952646632,
            170.26989306203095,
            333.88005102977843,
            32.629700072011346,
            138.39291391074812,
            0,
            38.22516440274639,
            10.442657382927075,
            -76.97320934351156,
            -305.53110571305626,
            -258.9668345912206,
            -267.403983958643,
            -353.05752143685834,
            -226.5262684108116,
            -361.0760076135045,
            -421.80588690834634,
            -354.64760921521673,
            -445.3185848228841,
            -808.0014472874936,
            -596.0419901264023,
            -749.6414397489689,
            -964.0625020861274,
            -831.665831284981,
            -929.1069523425573,
            -939.9489604670055,
            -554.3272044988769,
            -527.5110852219896,
            -227.82212474548152,
            104.6149886213814,
            0,
            0,
            0
        ],
        [
            0,
            0,
            -193.60033730597658,
            -85.52192076357002,
            -53.12816687611647,
            -376.4052825751797,
            -685.2715832690781,
            -687.9104502648919,
            -352.1626114202193,
            -859.6706088319895,
            -556.9939011232627,
            -612.3680841627754,
            -355.42775166248833,
            -331.89200543543444,
            -163.87934764980983,
            -180.67572768737344,
            138.73735913747618,
            304.7687463154356,
            -3.4030215513248705,
            103.64517765781807,
            -38.22516440274639,
            0,
            -29.36129862764414,
            -119.66827228638685,
            -353.41936608503266,
            -306.9546091928763,
            -316.3256895194141,
            -404.0165555492909,
            -275.9358723752465,
            -412.86444603769377,
            -474.54569805338417,
            -406.2727180281367,
            -497.7452667684518,
            -864.0773220522282,
            -648.3346069589735,
            -801.777594224969,
            -1015.5141397315564,
            -878.7664141919381,
            -972.1971503052339,
            -976.852802288451,
            -585.0585776625029,
            -548.9558455491408,
            -244.00001293423284,
            76.90013085311598,
            0,
            0,
            0
        ],
        [
            0,
            0,
            -219.6794982340244,
            -83.06571488351351,
            -44.33379159850049,
            -380.63036819880637,
            -698.3999468380487,
            -696.6098883483997,
            -345.20590455284764,
            -867.4979772185482,
            -552.7580583544493,
            -608.7430938422488,
            -342.69005418005077,
            -317.52230736504765,
            -143.618786880306,
            -160.16429674477465,
            169.20865923699387,
            340.5184592936828,
            24.18305055848864,
            134.76615973976217,
            -10.442657382927075,
            29.36129862764414,
            0,
            -91.6367743040995,
            -330.23128918878615,
            -281.6245540610658,
            -290.3169503639066,
            -379.17253709507287,
            -247.53170113499402,
            -386.72627148789326,
            -449.017244256534,
            -378.88949296852684,
            -471.52702231604246,
            -843.1644505986184,
            -623.3296717874641,
            -777.8457796843371,
            -992.2385715910875,
            -852.3680031732005,
            -943.2052065181662,
            -943.1518763457256,
            -550.1753393079185,
            -507.7035913899656,
            -208.04732210135768,
            65.23143431793515,
            0,
            0,
            0
        ],
        [
            0,
            -79.91147066389064,
            -233.2035735524033,
            -60.138714396651224,
            -9.751358584900814,
            -358.5398368372774,
            -684.1245642199895,
            -673.7681164019226,
            -299.90656436399956,
            -837.8692073487117,
            -506.06009489121743,
            -561.5128829403984,
            -282.82240637550757,
            -254.39201139173798,
            -71.95026553699682,
            -87.02815976084528,
            255.86734944217872,
            434.820039031524,
            109.3732300419865,
            225.35367107566083,
            76.97320934351156,
            119.66827228638685,
            91.6367743040995,
            0,
            -243.05002023242488,
            -190.49038137795065,
            -197.21047549400447,
            -286.51222504831975,
            -149.86321561124518,
            -291.2247158602374,
            -353.9227786954953,
            -281.62091837279814,
            -375.8052241654316,
            -753.5937493815163,
            -530.1311274259726,
            -686.5492668674271,
            -902.1072894307462,
            -760.7653010184102,
            -849.6078124656742,
            -845.531212478771,
            -458.6753294446201,
            -411.61928994706244,
            -131.8230490154618,
            0,
            0,
            0,
            0
        ],
        [
            0,
            -94.9047788798708,
            -199.4239180938179,
            17.52636434447544,
            89.47817048998229,
            -260.7444703924682,
            -584.3168355499212,
            -557.437891705375,
            -154.68763510125137,
            -699.3381695981135,
            -346.23098375003264,
            -397.60788998260654,
            -103.7943979481406,
            -68.97536464289578,
            124.60167335434622,
            114.05812586267734,
            472.4373110847085,
            661.3605184891366,
            330.4526371313982,
            454.13383852743715,
            305.53110571305626,
            353.41936608503266,
            330.23128918878615,
            243.05002023242488,
            0,
            59.588540734005086,
            57.565768982659584,
            -29.746999779739863,
            112.95641309653718,
            -29.20240147667489,
            -91.9148015713736,
            -18.384110406738458,
            -115.2144797165249,
            -499.7066908251819,
            -277.24295093853806,
            -439.2744837611782,
            -660.3682191996573,
            -526.0542760658327,
            -621.1775509338372,
            -624.1129927919446,
            -264.42388236541103,
            -232.81700242863133,
            -18.601448858679568,
            0,
            0,
            0,
            0
        ],
        [
            0,
            -128.57270415532244,
            -233.36443576456386,
            -1.7928686518852248,
            69.44081921235053,
            -300.2147311757256,
            -638.6761535182718,
            -612.2875787407161,
            -197.7637947286032,
            -762.3516490047399,
            -399.65044017436765,
            -453.65276002822696,
            -152.2231143057027,
            -117.5812212631373,
            80.29910956484463,
            68.22696466927245,
            435.16076390452145,
            627.7919013120538,
            286.83320558823317,
            412.5143913918189,
            258.9668345912206,
            306.9546091928763,
            281.6245540610658,
            190.49038137795065,
            -59.588540734005086,
            0,
            -3.170394124269055,
            -92.97778656062773,
            51.608558361440565,
            -93.22393783832716,
            -156.75355000121507,
            -81.91533370051566,
            -178.90410872219073,
            -564.1236384281564,
            -337.9018621458856,
            -496.0439490891764,
            -709.5031628287894,
            -568.4518812196391,
            -649.2429581989057,
            -633.0265005069153,
            -274.3113203016719,
            -208.17618181759946,
            0,
            0,
            0,
            0,
            0
        ],
        [
            0,
            -148.67281253588715,
            -249.6414033648421,
            -0.7860998802438921,
            73.7273552113773,
            -309.9567752814732,
            -658.6529643094041,
            -629.654256859556,
            -201.5873865065735,
            -781.4560890161405,
            -408.13625814442753,
            -463.2419109883697,
            -153.74548110361167,
            -118.08531439381433,
            84.78394570197577,
            72.43999231873215,
            448.0445027948172,
            644.9612402465807,
            296.0500231526219,
            424.4208155240101,
            267.4039839586431,
            316.3256895194141,
            290.3169503639066,
            197.21047549400447,
            -57.56576898265957,
            3.1703941242690554,
            0,
            -91.04980432347477,
            55.545800870320804,
            -90.94005282894899,
            -154.82532791054496,
            -79.15291649940721,
            -176.2334860427055,
            -560.5962379506324,
            -333.02120419374654,
            -487.4003766540731,
            -692.6880194450993,
            -547.8810528966479,
            -614.4209937580417,
            -578.7730320483679,
            -230.06880443172213,
            -104.05848946965999,
            0,
            0,
            0,
            0,
            0
        ],
        [
            0,
            -148.28056463143253,
            -239.06446598941875,
            31.295749286698996,
            114.37365089457165,
            -276.69950812948457,
            -629.7545606711855,
            -593.8950622280555,
            -149.4690987234509,
            -738.8752528439221,
            -353.2271226594228,
            -407.44158388570185,
            -89.01982468073112,
            -50.719605654951074,
            158.20906301207916,
            147.24777360843447,
            531.958644507787,
            734.0644511393899,
            379.69442849445454,
            511.7418083497483,
            353.05752143685834,
            404.0165555492909,
            379.17253709507287,
            286.51222504831975,
            29.746999779739863,
            92.97778656062773,
            91.04980432347477,
            0,
            148.50349203337362,
            1.0937622348911298,
            -63.17868787666214,
            12.094760393297634,
            -85.91769482970403,
            -468.7892014022321,
            -243.96104641841671,
            -396.4298502295291,
            -594.9696247303947,
            -452.43492665025553,
            -507.7718546259498,
            -455.31420855079455,
            -132.28085701894506,
            0,
            0,
            0,
            0,
            0,
            0
        ],
        [
            -128.53720249710076,
            -191.11181715645506,
            -293.7354704513818,
            -21.01849504402607,
            55.125234045504236,
            -355.68530514684255,
            -724.8684136996781,
            -694.5018024609542,
            -246.62540180615684,
            -854.56010847205,
            -465.4981477717672,
            -523.6135489563268,
            -202.05134721777236,
            -165.8891255117042,
            43.943532988655704,
            30.034078855391353,
            418.43907517066185,
            621.0297620225662,
            258.40503578549715,
            389.9551471424726,
