{
    "bin_ranges": {
        "m3pi_lower_limit": 1.38,
        "m3pi_upper_limit": 1.42,
        "t_lower_limit": 0.326,
        "t_upper_limit": 1
    },
    "info": "The dalitz matrix M is computed as sqrt(-Kibble) * (A[1]-A[2])",
    "bin_centers": [
        0.29900000000000004,
        0.33999999999999997,
        0.38,
        0.42000000000000004,
        0.45999999999999996,
        0.5,
        0.54,
        0.5800000000000001,
        0.62,
        0.66,
        0.69,
        0.71,
        0.73,
        0.75,
        0.77,
        0.79,
        0.81,
        0.83,
        0.85,
        0.87,
        0.89,
        0.91,
        0.94,
        0.98,
        1.02,
        1.06,
        1.1,
        1.1400000000000001,
        1.18,
        1.22,
        1.26
    ],
    "real(M)": [
        [
            0,
            0,
            0,
            0,
            0,
            0,
            0,
            0,
            0,
            0,
            0,
            0,
            0,
            0,
            0,
            0,
            43.91630101056095,
            87.08827470711296,
            108.0089876646807,
            119.54456340587139,
            141.77855051380973,
            148.521779207453,
            144.8972261613455,
            143.6568158588734,
            150.53554347816302,
            124.78815117046167,
            85.03949599746791,
            0,
            0,
            0,
            0
        ],
        [
            0,
            0,
            0,
            0,
            0,
            0,
            0,
            0,
            0,
            -5.35203900428155,
            -41.39868810753997,
            -47.91055786781002,
            -46.51820290869455,
            -25.648141738821312,
            -22.743531239948457,
            18.68031535035021,
            17.19373030205507,
            53.53586727609931,
            50.665132722204525,
            41.107061362001595,
            62.4820914009439,
            57.260847128064604,
            33.1193059122754,
            22.56536588514961,
            42.12545449345164,
            20.38843387643764,
            -1.9144625982909251,
            -12.803050046790377,
            -9.983391420517409,
            0,
            0
        ],
        [
            0,
            0,
            0,
            0,
            0,
            0,
            0,
            -6.107050661419615,
            -19.537348720284612,
            -33.787734959746864,
            -50.643639727654254,
            -45.550585872081236,
            -32.497031185361394,
            7.295519434343103,
            15.592602299439639,
            78.75727053173017,
            77.78782528245833,
            129.35600705288513,
            125.69212827403372,
            113.12887922873827,
            142.16405971229287,
            135.3695009147872,
            103.7158004141852,
            89.85128153096093,
            114.67882046265518,
            84.37638328357104,
            51.29644636905408,
            30.17757624290134,
            23.29755570397348,
            41.47986956987451,
            0
        ],
        [
            0,
            0,
            0,
            0,
            0,
            0,
            -7.299933718187025,
            -28.003241829919336,
            -36.306126042258384,
            -52.55093855306605,
            -73.0918195331893,
            -64.86853516845017,
            -47.014797712838316,
            4.148423284557538,
            14.299170053282895,
            92.62097839686089,
            90.45240808826594,
            152.89124991411728,
            147.37496275727906,
            131.27929959842825,
            165.70621264020826,
            156.87454754538618,
            118.21640473080609,
            101.23484488971523,
            130.85539739704913,
            95.05372881555921,
            56.179956357252955,
            31.767623402633173,
            25.09069803566744,
            56.86908059463717,
            0
        ],
        [
            0,
            0,
            0,
            0,
            0,
            -8.114403121259429,
            -14.538016037820302,
            -41.04319562449648,
            -48.81568508135402,
            -67.17489057642783,
            -90.92507807646052,
            -80.2201316289751,
            -58.37961025964692,
            2.429144819648538,
            14.258560189952473,
            105.66890622771368,
            102.60878380029551,
            174.54322191187399,
            167.53331040421267,
            148.45610189532098,
            187.60217405220786,
            177.02937204888397,
            132.30630332641132,
            112.56538733730909,
            146.0904532357902,
            105.34500954379105,
            61.327484877466965,
            33.88119379357642,
            26.809039858861297,
            65.55849085988697,
            0
        ],
        [
            0,
            0,
            0,
            0,
            8.114403121259429,
            0,
            -2.930910296025207,
            -31.515655053177845,
            -36.70024233738245,
            -54.82999725720716,
            -79.9824299830633,
            -66.279246462756,
            -40.15320748650077,
            29.87925630226886,
            43.90181852678621,
            147.50280706524353,
            144.24411259238067,
            225.06999339332492,
            217.16350339798916,
            195.7901155697801,
            239.33497647338032,
            227.37248704392795,
            177.369582469314,
            154.9183433044537,
            190.97812970142036,
            144.6357123972693,
            94.32727073647105,
            61.61231299621015,
            50.10443247136891,
            85.54591098054883,
            0
        ],
        [
            0,
            0,
            0,
            7.299933718187025,
            14.538016037820302,
            2.930910296025207,
            0,
            -32.5260733910449,
            -37.353910294945194,
            -56.87059788688011,
            -84.30666116017022,
            -68.57547460368819,
            -39.21637047985442,
            38.49911801781179,
            53.999882223476895,
            168.01501307324216,
            164.18069686303195,
            252.53722825822013,
            243.4966551075214,
            219.79103002087942,
            266.94783732926373,
            253.52637118533391,
            198.64162226576954,
            173.66385384303643,
            211.83586657942598,
            160.9683732021071,
            106.01657788323242,
            69.99453425437538,
            56.17911521107311,
            87.31954839505018,
            0
        ],
        [
            0,
            0,
            6.107050661419615,
            28.003241829919336,
            41.04319562449648,
            31.515655053177845,
            32.5260733910449,
            0,
            -1.5008578741561442,
            -19.57772124435409,
            -47.26267271874327,
            -28.636353731431207,
            4.609817123491631,
            90.08664216484439,
            107.72564134141005,
            231.7120672104082,
            227.97547300424938,
            323.48138818565116,
            313.808789367073,
            288.30850518082826,
            338.7387949620708,
            324.02639260946916,
            264.65228061552364,
            236.620076688287,
            274.80919311421803,
            217.65434134733187,
            155.4310150174477,
            111.82268943138816,
            88.50584216684697,
            97.06975899250399,
            0
        ],
        [
            0,
            0,
            19.537348720284612,
            36.306126042258384,
            48.81568508135402,
            36.70024233738245,
            37.353910294945194,
            1.5008578741561442,
            0,
            -19.392840125168735,
            -49.025012108618284,
            -28.876562522264468,
            6.846108638909518,
            98.29074964708579,
            116.99031947089294,
            248.98073883913702,
            244.6302246385642,
            345.73098286797284,
            334.9363794880671,
            307.40081791614614,
            360.20934067385576,
            344.0534488393536,
            280.5857159291982,
            249.94526526926376,
            288.2641740336888,
            226.85523731856654,
            160.46841720989772,
            113.25914966069469,
            85.04017913868032,
            63.1774452826326,
            0
        ],
        [
            0,
            5.35203900428155,
            33.787734959746864,
            52.55093855306605,
            67.17489057642783,
            54.82999725720716,
            56.87059788688011,
            19.57772124435409,
            19.392840125168735,
            0,
            -30.57113475135045,
            -8.62087819707593,
            29.68746366068192,
            126.69006251218501,
            146.61167386493875,
            285.72591461540634,
            281.0002566386868,
            386.92014667995494,
            375.15739124430513,
            345.83452364431565,
            400.41178858186925,
            382.7903828095058,
            315.48179313484457,
            281.7021843076589,
            318.18457590202354,
            251.3349310073955,
            179.10004951071903,
            125.15129100510745,
            84.90774002436066,
            0,
            0
        ],
        [
            0,
            41.39868810753997,
            50.643639727654254,
            73.0918195331893,
            90.92507807646052,
            79.9824299830633,
            84.30666116017022,
            47.26267271874327,
            49.025012108618284,
            30.57113475135045,
            0,
            23.502961929166574,
            63.82842396848578,
            164.71671761130702,
            185.64493740291618,
            329.4712594639244,
            324.58267725833235,
            433.5254434194144,
            421.0712171210505,
            390.4958893490905,
            445.8745163566513,
            427.0226752741091,
            356.8076065774626,
            319.9508399772713,
            353.1712824378947,
            280.746104820278,
            201.97738013561292,
            139.05422218781578,
            79.10588450510794,
            0,
            0
        ],
        [
            0,
            47.91055786781002,
            45.550585872081236,
            64.86853516845017,
            80.2201316289751,
            66.279246462756,
            68.57547460368819,
            28.636353731431207,
            28.876562522264468,
            8.62087819707593,
            -23.502961929166574,
            0,
            40.6818028305106,
            143.1045526254109,
            163.94722853175813,
            309.9193210951641,
            304.42596176510335,
            414.6644121461236,
            401.48471921228895,
            369.9872218678516,
            425.6610870685764,
            406.12131701182676,
            334.6077198614395,
            296.94552368319034,
            329.64972507052346,
            256.67403812985066,
            178.15689152486357,
            115.61451910157396,
            47.853945106444684,
            0,
            0
        ],
        [
            0,
            46.51820290869456,
            32.497031185361394,
            47.014797712838316,
            58.37961025964692,
            40.15320748650077,
            39.21637047985442,
            -4.609817123491631,
            -6.846108638909518,
            -29.68746366068192,
            -63.82842396848578,
            -40.6818028305106,
            0,
            103.50464562781463,
            124.01708622449851,
            271.64771931559784,
            265.43573360315014,
            376.62185364433503,
            362.7029757204301,
            330.36878902301066,
            386.2403959909609,
            366.17315046830583,
            293.8627769453974,
            256.16160144703036,
            289.1443832570172,
            217.34142222958104,
            141.6014963994712,
            82.93524582447832,
            0,
            0,
            0
        ],
        [
            0,
            25.64814173882132,
            -7.295519434343103,
            -4.148423284557538,
            -2.429144819648538,
            -29.87925630226886,
            -38.49911801781179,
            -90.08664216484439,
            -98.29074964708579,
            -126.69006251218501,
            -164.71671761130702,
            -143.1045526254109,
            -103.50464562781463,
            0,
            19.421147925133727,
            167.80608168621345,
            160.47753195815264,
            272.0911559461187,
            257.3954946888503,
            224.43320029480935,
            280.6696698584273,
            260.680160186348,
            189.1035987174351,
            154.25939960590892,
            191.51376380407828,
            127.35792453313421,
            64.06571788959116,
            24.868021263039537,
            0,
            0,
            0
        ],
        [
            0,
            22.743531239948457,
            -15.592602299439639,
            -14.299170053282895,
            -14.258560189952473,
            -43.90181852678621,
            -53.999882223476895,
            -107.72564134141005,
            -116.99031947089294,
            -146.61167386493875,
            -185.64493740291618,
            -163.94722853175813,
            -124.01708622449851,
            -19.421147925133727,
            0,
            149.72819862922276,
            142.03228537648707,
            254.3005418256731,
            239.14605421013678,
            205.68762550157095,
            261.89582076526364,
            241.53734787032346,
            169.61414310442044,
            134.77570867922634,
            171.33089309878864,
            108.15049183203546,
            47.6039725064222,
            12.45582412671339,
            0,
            0,
            0
        ],
        [
            0,
            -18.68031535035021,
            -78.75727053173017,
            -92.62097839686089,
            -105.66890622771368,
            -147.50280706524353,
            -168.01501307324216,
            -231.7120672104082,
            -248.98073883913702,
            -285.72591461540634,
            -329.4712594639244,
            -309.9193210951641,
            -271.64771931559784,
            -167.80608168621345,
            -149.72819862922276,
            0,
            -8.67831498302503,
            103.67163636177965,
            88.21643997924583,
            54.90478327092063,
            111.90332158909486,
            92.73767941783301,
            24.044584674564447,
            -3.8757126623853075,
            41.87230047369746,
            -4.900284394315927,
            -38.4361181405332,
            -13.628294647918636,
            0,
            0,
            0
        ],
        [
            -43.91630101056078,
            -17.19373030205507,
            -77.78782528245833,
            -90.45240808826594,
            -102.60878380029551,
            -144.24411259238067,
            -164.18069686303195,
            -227.97547300424938,
            -244.6302246385642,
            -281.0002566386868,
            -324.58267725833235,
            -304.42596176510335,
            -265.43573360315014,
            -160.47753195815264,
            -142.03228537648707,
            8.67831498302503,
            0,
            112.63696017958647,
            96.98603059614967,
            63.49927021248612,
            120.12989888383483,
            100.68214558548287,
            32.002904869241924,
            3.889443762532991,
            47.443419700443556,
            1.2102139556366012,
            -28.70914941967141,
            0,
            0,
            0,
            0
        ],
        [
            -87.08827470711284,
            -53.53586727609931,
            -129.35600705288513,
            -152.89124991411728,
            -174.54322191187399,
            -225.06999339332492,
            -252.5372282582203,
            -323.4813881856512,
            -345.730982867973,
            -386.9201466799549,
            -433.52544341941444,
            -414.66441214612365,
            -376.62185364433515,
            -272.09115594611876,
            -254.3005418256731,
            -103.67163636177968,
            -112.63696017958647,
            0,
            -15.349887410132999,
            -48.00953764547046,
            9.399643960701294,
            -8.37901673694373,
            -72.78138980982838,
            -93.07935576075577,
            -40.36879268728077,
            -67.61105977808627,
            -59.23301897676555,
            0,
            0,
            0,
            0
        ],
        [
            -108.0089876646807,
            -50.665132722204525,
            -125.69212827403372,
            -147.37496275727906,
            -167.53331040421267,
            -217.16350339798916,
            -243.4966551075214,
            -313.808789367073,
            -334.9363794880671,
            -375.15739124430513,
            -421.0712171210505,
            -401.48471921228895,
            -362.7029757204301,
            -257.3954946888503,
            -239.14605421013678,
            -88.21643997924583,
            -96.98603059614967,
            15.349887410132999,
            0,
            -32.50094742428326,
            24.17406160523501,
            6.328350166750515,
            -57.27308481798941,
            -77.10448556133038,
            -26.95871489565388,
            -51.17363813004818,
            -13.569531488283358,
            0,
            0,
            0,
            0
        ],
        [
            -119.54456340587139,
            -41.107061362001744,
            -113.12887922873827,
            -131.27929959842825,
            -148.4561018953211,
            -195.7901155697801,
            -219.7910300208795,
            -288.3085051808283,
            -307.4008179161462,
            -345.8345236443157,
            -390.49588934909053,
            -369.98722186785164,
            -330.36878902301066,
            -224.4332002948093,
            -205.68762550157098,
            -54.904783270920646,
            -63.49927021248612,
            48.00953764547046,
            32.50094742428327,
            0,
            55.29104742178689,
            36.959811320966615,
            -26.41586848823112,
            -47.3121418137968,
            -2.914301626648985,
            -27.1052547767686,
            0,
            0,
            0,
            0,
            0
        ],
        [
            -141.77855051380965,
            -62.48209140094391,
            -142.16405971229287,
            -165.70621264020826,
            -187.60217405220786,
            -239.33497647338032,
            -266.94783732926373,
            -338.7387949620708,
            -360.20934067385576,
            -400.41178858186925,
            -445.8745163566513,
            -425.6610870685764,
            -386.2403959909609,
            -280.6696698584273,
            -261.89582076526364,
            -111.90332158909486,
            -120.12989888383483,
            -9.399643960701294,
            -24.17406160523501,
            -55.29104742178689,
            0,
            -16.56251645261347,
            -74.91012239515314,
            -88.05230181003087,
            -36.83784607515203,
            -33.60724829300991,
            0,
            0,
            0,
            0,
            0
        ],
        [
            -148.52177920745308,
            -57.2608471280646,
            -135.3695009147872,
            -156.87454754538618,
            -177.02937204888397,
            -227.37248704392795,
            -253.52637118533391,
            -324.02639260946916,
            -344.0534488393536,
            -382.7903828095058,
            -427.0226752741091,
            -406.12131701182676,
            -366.17315046830583,
            -260.680160186348,
            -241.53734787032346,
            -92.73767941783301,
            -100.68214558548287,
            8.379016736943727,
            -6.328350166750515,
            -36.959811320966615,
            16.56251645261347,
            0,
            -56.49915871724796,
            -68.49720328371535,
            -21.76512947778924,
            0,
            0,
            0,
            0,
            0,
            0
        ],
        [
            -144.8972261613456,
            -33.1193059122754,
            -103.71580041418531,
            -118.21640473080619,
            -132.30630332641132,
            -177.369582469314,
            -198.64162226576954,
            -264.65228061552364,
            -280.5857159291982,
            -315.48179313484457,
            -356.8076065774626,
            -334.6077198614395,
            -293.8627769453974,
            -189.1035987174351,
            -169.61414310442044,
            -24.044584674564447,
            -32.002904869241924,
            72.78138980982838,
            57.27308481798941,
            26.41586848823112,
            74.91012239515314,
            56.49915871724796,
            0,
            -16.842294966970748,
            6.148917436748289,
            0,
            0,
            0,
            0,
            0,
            0
        ],
        [
            -143.65681585887344,
            -22.56536588514961,
            -89.85128153096097,
            -101.23484488971526,
            -112.56538733730909,
            -154.9183433044537,
            -173.66385384303643,
            -236.620076688287,
            -249.94526526926376,
            -281.7021843076589,
            -319.9508399772713,
            -296.94552368319034,
            -256.16160144703036,
            -154.25939960590892,
            -134.77570867922634,
            3.8757126623853075,
            -3.889443762532991,
            93.07935576075577,
            77.10448556133038,
            47.3121418137968,
            88.05230181003087,
            68.49720328371535,
            16.842294966970748,
            0,
            0,
            0,
            0,
            0,
            0,
            0,
            0
        ],
        [
            -150.5355434781631,
            -42.12545449345165,
            -114.67882046265528,
            -130.85539739704916,
            -146.0904532357902,
            -190.97812970142036,
            -211.83586657942598,
            -274.80919311421803,
            -288.2641740336888,
            -318.18457590202354,
            -353.1712824378947,
            -329.64972507052346,
            -289.1443832570172,
            -191.51376380407828,
            -171.33089309878864,
            -41.87230047369746,
            -47.443419700443556,
            40.368792687280774,
            26.95871489565388,
            2.9143016266489856,
            36.83784607515203,
            21.76512947778924,
            -6.148917436748289,
            0,
            0,
            0,
            0,
            0,
            0,
            0,
            0
        ],
        [
            -124.78815117046179,
            -20.38843387643764,
            -84.37638328357116,
            -95.05372881555924,
            -105.34500954379105,
            -144.6357123972693,
            -160.9683732021071,
            -217.65434134733187,
            -226.85523731856654,
            -251.3349310073955,
            -280.746104820278,
            -256.67403812985066,
            -217.34142222958104,
            -127.35792453313421,
            -108.15049183203546,
            4.900284394315927,
            -1.2102139556366012,
            67.61105977808627,
            51.17363813004818,
            27.10525477676861,
            33.607248293009924,
            0,
            0,
            0,
            0,
            0,
            0,
            0,
            0,
            0,
            0
        ],
        [
            -85.03949599746814,
            1.914462598290926,
            -51.29644636905409,
            -56.17995635725299,
            -61.327484877466965,
            -94.32727073647105,
            -106.0165778832324,
            -155.43101501744766,
            -160.46841720989772,
            -179.10004951071906,
            -201.97738013561292,
            -178.15689152486357,
            -141.6014963994712,
            -64.06571788959116,
            -47.6039725064222,
            38.4361181405332,
            28.709149419671412,
            59.233018976765514,
            13.569531488283417,
            0,
            0,
            0,
            0,
            0,
            0,
            0,
            0,
            0,
            0,
            0,
            0
        ],
        [
            0,
            12.803050046790386,
            -30.17757624290137,
            -31.767623402633166,
            -33.88119379357643,
            -61.612312996210164,
            -69.99453425437541,
            -111.82268943138816,
            -113.25914966069469,
            -125.15129100510747,
            -139.05422218781575,
            -115.61451910157396,
            -82.93524582447832,
            -24.868021263039537,
            -12.45582412671339,
            13.628294647918578,
            0,
            0,
            0,
            0,
            0,
            0,
            0,
            0,
            0,
            0,
            0,
            0,
            0,
            0,
            0
        ],
        [
            0,
            9.983391420517425,
            -23.2975557039735,
            -25.090698035667447,
            -26.809039858861293,
            -50.10443247136892,
            -56.17911521107311,
            -88.50584216684695,
            -85.0401791386803,
            -84.90774002436066,
            -79.10588450510798,
            -47.853945106444655,
            0,
            0,
            0,
            0,
            0,
            0,
            0,
            0,
            0,
            0,
            0,
            0,
            0,
            0,
            0,
            0,
            0,
            0,
            0
        ],
        [
            0,
            0,
            -41.47986956987472,
            -56.869080594637204,
            -65.55849085988696,
            -85.5459109805488,
            -87.3195483950502,
            -97.06975899250398,
            -63.17744528263242,
            0,
            0,
            0,
            0,
            0,
            0,
            0,
            0,
            0,
            0,
            0,
            0,
            0,
            0,
            0,
            0,
            0,
            0,
            0,
            0,
            0,
            0
        ],
        [
            0,
            0,
            0,
            0,
            0,
            0,
            0,
            0,
            0,
            0,
            0,
            0,
            0,
            0,
            0,
            0,
            0,
            0,
            0,
            0,
            0,
            0,
            0,
            0,
            0,
            0,
            0,
            0,
            0,
            0,
            0
        ]
    ],
    "imag(M)": [
        [
            0,
            0,
            0,
            0,
            0,
            0,
            0,
            0,
            0,
            0,
            0,
            0,
            0,
            0,
            0,
            0,
            -15.352628984842953,
            -17.96014088022401,
            -22.274021727580088,
            -16.91321964111385,
            -5.04164027317689,
            -12.420981123407607,
            0.7629964853668252,
            6.246856797622873,
            12.732938730459649,
            17.402991859877446,
            13.83216054138181,
            0,
            0,
            0,
            0
        ],
        [
            0,
            0,
            0,
            0,
            0,
            0,
            0,
            0,
            0,
            -4.49273881447763,
            -38.2513860785056,
            -69.41708472429234,
            -113.9260594008944,
            -115.5269776012364,
            -145.16280661763497,
            -139.15525411821048,
            -114.17780723666249,
            -95.22146995797469,
            -98.06783992364674,
            -82.09997396541746,
            -56.59465149823948,
            -71.39550697392745,
            -46.867451808171786,
            -37.379232106879236,
            -24.604425548388832,
            -11.81419466854523,
            -8.996010222477302,
            -2.0422981043794857,
            -21.42499236960302,
            0,
            0
        ],
        [
            0,
            0,
            0,
            0,
            0,
            0,
            0,
            -2.383407397955973,
            -18.856521555451682,
            -42.708843409082185,
            -66.69185890865897,
            -109.60228712694247,
            -170.98555103649096,
            -161.0412893954559,
            -196.78001693178444,
            -180.33179474650004,
            -139.33317538788987,
            -109.28385481975668,
            -110.60259252603099,
            -86.92823431700191,
            -51.339847365734094,
            -70.09496104453864,
            -36.719668974581865,
            -23.88138653768205,
            -7.526163360282815,
            8.253717733922032,
            10.25107020444051,
            17.210130373986598,
            -18.92916662597302,
            -18.3593392653335,
            0
        ],
        [
            0,
            0,
            0,
            0,
            0,
            0,
            -0.7622855261431073,
            -4.553932353631657,
            -24.920665450913596,
            -53.3521927713397,
            -81.72977206772603,
            -135.6546056585184,
            -211.8860820020125,
            -195.44168583622948,
            -237.53363840312505,
            -214.2200193305537,
            -161.4138627370785,
            -123.10730961421393,
            -123.71284008551996,
            -94.14679332562547,
            -50.572414866571386,
            -72.82559949505175,
            -32.37134793719913,
            -16.884508122222023,
            2.495788745191161,
            20.975476851982698,
            22.81267452616783,
            30.517761260796494,
            -15.739941905321194,
            -20.67385141146253,
            0
        ],
        [
            0,
            0,
            0,
            0,
            0,
            6.277878213400938,
            10.778629223582886,
            8.810776384367648,
            -14.49401662064229,
            -46.21390228784893,
            -77.90746479961484,
            -140.79324540379463,
            -229.38949330857173,
            -207.43148036705935,
            -254.8421488443875,
            -225.5551587648964,
            -162.45414828255412,
            -116.85157919832623,
            -116.66843208800725,
            -81.8491438833611,
            -31.228856918255033,
            -56.41565061024774,
            -9.772374390109523,
            7.907454988009825,
            29.53952535468894,
            49.645225147017996,
            50.30231662197259,
            57.00248062040766,
            0.9886965992954884,
            -10.241747196539103,
            0
        ],
        [
            0,
            0,
            0,
            0,
            -6.277878213400938,
            0,
            1.6526972603784937,
            -3.8139247169242125,
            -33.72559343124456,
            -71.93427431100243,
            -108.9506931561917,
            -181.13719695462802,
            -281.9630851070492,
            -256.4853451510182,
            -309.7532446439345,
            -276.254885493899,
            -204.98787848406135,
            -153.73539973561188,
            -153.52824663777264,
            -114.6279779035861,
            -58.23840612062522,
            -86.32172851751518,
            -34.49245046514339,
            -14.760652441461174,
            9.540493028048084,
            32.41201674617815,
            34.27618547843347,
            43.31529785462441,
            -15.13949298230002,
            -22.81735220864723,
            0
        ],
        [
            0,
            0,
            0,
            0.7622855261431073,
            -10.778629223582886,
            -1.6526972603784937,
            0,
            -6.665113153287858,
            -40.865173138814285,
            -83.58390242683535,
            -124.53284851512234,
            -204.50084158053494,
            -315.76556986712205,
            -286.75795103996927,
            -344.8555785910159,
            -307.24634547252754,
            -228.37812644139996,
            -171.80052279870782,
            -171.29915583468946,
            -128.55093271704087,
            -66.88194346389001,
            -97.36141968000516,
            -40.85759273803256,
            -19.347621569726183,
            6.997512953341667,
            31.65504446095855,
            33.656836531407954,
            43.216407875834264,
            -18.013720097434557,
            -24.10775466834285,
            0
        ],
        [
            0,
            0,
            2.383407397955973,
            4.553932353631657,
            -8.810776384367648,
            3.8139247169242125,
            6.665113153287858,
            0,
            -37.07873066425398,
            -83.0209496156206,
            -126.9490608211872,
            -213.5292517094364,
            -333.7901289688408,
            -301.3415888354594,
            -363.4514330387428,
            -321.91590247638425,
            -236.06007289809293,
            -174.5588439497625,
            -173.6111817820631,
            -127.3292404533227,
            -60.938099242227,
            -93.42009648104867,
            -32.8477322920559,
            -9.944307478976784,
            17.755414591107357,
            43.20061635537524,
            44.309019034598016,
            52.64363298777654,
            -11.365734992416243,
            -17.249409999910284,
            0
        ],
        [
            0,
            0,
            18.856521555451682,
            24.920665450913596,
            14.49401662064229,
            33.72559343124456,
            40.865173138814285,
            37.07873066425398,
            0,
            -46.55476315239428,
            -91.6246554014044,
            -183.15158168187708,
            -310.5192150220642,
            -274.22291703599774,
            -339.13229705500675,
            -293.47396536692617,
            -200.91912042018336,
            -134.64889593358095,
            -132.93347312794478,
            -83.32940358462797,
            -12.74963121407943,
            -46.888269543207855,
            16.90203660525171,
            40.164170415217505,
            67.42401291594125,
            90.98256264326287,
            87.76122854213524,
            89.57731463489645,
            17.77021152496899,
            0.7887142325160001,
            0
        ],
        [
            0,
            4.49273881447763,
            42.708843409082185,
            53.3521927713397,
            46.21390228784893,
            71.93427431100243,
            83.58390242683535,
            83.0209496156206,
            46.55476315239428,
            0,
            -45.71231955405217,
            -141.3478545378663,
            -274.69430583847026,
            -234.82648349921845,
            -301.95154971465104,
            -252.54848658089907,
            -154.11242333434973,
            -83.70162962316893,
            -81.2969815545592,
            -28.933996227448016,
            45.00173740903726,
            9.367784105240391,
            75.32671902382471,
            97.95565132201506,
            123.36270618865309,
            143.1146588930315,
            133.32472959987987,
            124.78964455174979,
            42.169973592513024,
            0,
            0
        ],
        [
            0,
            38.2513860785056,
            66.69185890865897,
            81.72977206772603,
            77.90746479961484,
            108.9506931561917,
            124.53284851512234,
            126.9490608211872,
            91.6246554014044,
            45.71231955405217,
            0,
            -98.07196916422039,
            -235.06917466407918,
            -192.6405401529461,
            -260.9779782686177,
            -208.98297850794066,
            -106.67174623687285,
            -33.581841548973166,
            -30.725766266055256,
            23.285905039318255,
            99.10737195204561,
            62.395643119086806,
            129.09187400214802,
            150.246541219354,
            172.8132907131716,
            187.67121264829103,
            170.32025794145395,
            149.33224225446946,
            51.72130052943826,
            0,
            0
        ],
        [
            0,
            69.41708472429234,
            109.60228712694247,
            135.6546056585184,
            140.79324540379463,
            181.13719695462802,
            204.50084158053494,
            213.5292517094364,
            183.15158168187708,
            141.3478545378663,
            98.07196916422039,
            0,
            -137.84387468987487,
            -92.7256502947908,
            -160.7502756622369,
            -106.38598026690111,
            -1.167115629094083,
            73.92128831276574,
            77.29704922319553,
            132.2608884010594,
            208.88528688262065,
            171.13062855201792,
            236.90188246572166,
            254.33460899098398,
            270.71617294464653,
            275.98049304793705,
            244.4445208528906,
            200.42674245702335,
            61.01093209743857,
            0,
            0
        ],
        [
            0,
            113.92605940089442,
            170.98555103649096,
            211.8860820020125,
            229.38949330857173,
            281.9630851070492,
            315.76556986712205,
            333.7901289688408,
            310.5192150220642,
            274.69430583847026,
            235.06917466407918,
            137.84387468987487,
            0,
            48.182982914548916,
            -19.00784641537516,
            37.877512663781715,
            145.92122697584725,
            222.86326834738747,
            226.6527311248695,
            282.1886962532193,
            359.0109742672304,
            319.7563926570409,
            383.1961468197054,
            394.44044132808585,
            400.9812156553189,
            391.31902685652534,
            337.6598327269744,
            256.1285339956116,
            0,
            0,
            0
        ],
        [
            0,
            115.52697760123641,
            161.0412893954559,
            195.44168583622948,
            207.43148036705935,
            256.4853451510182,
            286.75795103996927,
            301.3415888354594,
            274.22291703599774,
            234.82648349921845,
            192.6405401529461,
            92.7256502947908,
            -48.182982914548916,
            0,
            -68.75967141877234,
            -11.605590512560628,
            97.32824146307637,
            174.71933555617176,
            178.19193258308283,
            233.95683384280838,
            311.12102225586943,
            271.45113043612207,
            335.0396496681479,
            346.2608015495842,
            352.7473597521399,
            342.60158213062175,
            287.82122613657975,
            198.43643752766698,
