{
    "bin_ranges": {
        "m3pi_lower_limit": 1.3399999999999999,
        "m3pi_upper_limit": 1.38,
        "t_lower_limit": 0.326,
        "t_upper_limit": 1
    },
    "info": "The dalitz matrix M is computed as sqrt(-Kibble) * (A[1]-A[2])",
    "bin_centers": [
        0.29900000000000004,
        0.33999999999999997,
        0.38,
        0.42000000000000004,
        0.45999999999999996,
        0.5,
        0.54,
        0.5800000000000001,
        0.62,
        0.66,
        0.69,
        0.71,
        0.73,
        0.75,
        0.77,
        0.79,
        0.81,
        0.83,
        0.85,
        0.87,
        0.89,
        0.91,
        0.94,
        0.98,
        1.02,
        1.06,
        1.1,
        1.1400000000000001,
        1.18,
        1.22
    ],
    "real(M)": [
        [
            0,
            0,
            0,
            0,
            0,
            0,
            0,
            0,
            0,
            0,
            0,
            0,
            0,
            0,
            0,
            42.503028326085115,
            73.84363749749461,
            90.78063368229977,
            97.73438898807596,
            110.04462524743283,
            104.816909839482,
            108.58296234428768,
            107.48285343383277,
            98.27530781091629,
            81.5670172094489,
            64.79088958283242,
            16.706671395884598,
            0,
            0,
            0
        ],
        [
            0,
            0,
            0,
            0,
            0,
            0,
            0,
            0,
            0,
            3.973089277717219,
            14.107280779592708,
            23.295212848269088,
            45.71477944645848,
            76.757916679904,
            112.8863045496543,
            128.04895792970922,
            153.36660087616826,
            157.5172237077857,
            149.5556639324166,
            159.28070378083075,
            138.47916820890057,
            138.76674630909383,
            131.42661704079646,
            115.61034231401192,
            95.19229082566225,
            89.17609469764729,
            87.12822066550545,
            39.46804012937442,
            0,
            0
        ],
        [
            0,
            0,
            0,
            0,
            0,
            0,
            0,
            -10.119290121143704,
            -23.09595962911344,
            -43.54398123465431,
            -34.9572150778161,
            -26.18729636316313,
            2.736662813958154,
            42.68653358927835,
            88.27914031114939,
            103.07674056425209,
            132.37088185614033,
            132.874991510322,
            117.94791558590555,
            127.67178914450787,
            97.56053913486723,
            96.23544169231965,
            85.29729732141355,
            65.23718605378455,
            41.94860687024159,
            40.99543912351233,
            51.13350683952286,
            4.030714016731335,
            6.333144119741582,
            0
        ],
        [
            0,
            0,
            0,
            0,
            0,
            0,
            -16.777471622840668,
            -24.356019569884516,
            -38.5835797430787,
            -63.58656544069363,
            -50.02979323376851,
            -37.95056274608286,
            -0.7872877679472112,
            49.19637396179751,
            105.18082280018906,
            122.36262916131626,
            157.20203108522762,
            156.76360612197985,
            137.81860505777132,
            148.88799290804772,
            112.148384124215,
            110.20994041723608,
            96.79218928851019,
            72.74259397609359,
            45.169723783813666,
            44.51463204064004,
            57.77083273444742,
            1.4291347522597129,
            6.239779888313799,
            0
        ],
        [
            0,
            0,
            0,
            0,
            0,
            2.241142482601873,
            5.583739360041657,
            6.202948698868751,
            -3.9619196453265495,
            -27.898888872293078,
            -7.113824420012806,
            9.702515579495643,
            55.66389067364106,
            115.90993558111681,
            182.38157252121033,
            203.0691760390052,
            243.94714877502682,
            243.77531551138853,
            222.2363623837718,
            235.12072295747814,
            193.11116108695643,
            190.8615405042507,
            175.19759911878907,
            146.6909027897886,
            113.2900199458719,
            109.19847549411762,
            119.25308080560505,
            47.761025504278884,
            41.521414862453724,
            0
        ],
        [
            0,
            0,
            0,
            0,
            -2.241142482601873,
            0,
            3.1350963203111375,
            2.912883191421035,
            -9.772977539834729,
            -37.804249815617986,
            -14.023443395368869,
            4.980920638727491,
            56.8672926595059,
            124.51247835803,
            198.75613063027123,
            221.24307265010032,
            266.28520858280154,
            265.35011658155184,
            240.68756106859408,
            254.46223005508853,
            207.31993011199302,
            204.43945366861024,
            186.63037605805965,
            154.73923047343064,
            117.78530289639289,
            113.24738349337447,
            124.2173090704969,
            46.78356742540501,
            40.43602809970513,
            0
        ],
        [
            0,
            0,
            0,
            16.777471622840668,
            -5.583739360041657,
            -3.1350963203111375,
            0,
            -0.8209475644203383,
            -15.620261423198029,
            -47.204078751067215,
            -20.76130191360232,
            0.1960748634262468,
            57.34225838959578,
            131.5489084473045,
            212.6694119560005,
            236.7355150919566,
            285.419102205629,
            283.76323046098685,
            256.300157943799,
            270.77546397108586,
            219.08534580240064,
            215.56772463502193,
            195.75795104907021,
            160.76099413338238,
            120.61134493896881,
            115.35054675730606,
            126.28773730990379,
            44.45159477874293,
            36.594509482782925,
            0
        ],
        [
            0,
            0,
            10.119290121143704,
            24.356019569884516,
            -6.202948698868751,
            -2.912883191421035,
            0.8209475644203383,
            0,
            -16.208154733320093,
            -50.544046938602676,
            -21.489041976533883,
            1.3520686875532748,
            63.28518144481006,
            143.39470819494002,
            230.64878325840414,
            256.14532358312846,
            308.02079550466914,
            305.7067537627428,
            275.7608324045393,
            290.74982286393055,
            235.05928512180895,
            230.86298967105805,
            209.1054097513023,
            171.084855826665,
            127.80018862030762,
            121.08135577396871,
            130.3026352255395,
            44.76903225811456,
            31.630672165285088,
            0
        ],
        [
            0,
            0,
            23.09595962911344,
            38.5835797430787,
            3.9619196453265495,
            9.772977539834729,
            15.620261423198029,
            16.208154733320093,
            0,
            -35.67546577225037,
            -3.611439133157305,
            21.303649085253173,
            87.79450571048899,
            173.35705728817973,
            266.1680288884281,
            293.05950194907416,
            347.75623406661265,
            344.8850189778354,
            312.7793334033113,
            328.05684399139676,
            268.84962936814435,
            263.81278409646166,
            239.89088940625078,
            198.37306320483646,
            151.18079431918284,
            140.98143009848266,
            144.76054477407874,
            53.52265813247063,
            19.90220694530248,
            0
        ],
        [
            0,
            -3.973089277717217,
            43.54398123465431,
            63.58656544069363,
            27.898888872293078,
            37.804249815617986,
            47.204078751067215,
            50.544046938602676,
            35.67546577225037,
            0,
            35.41975068165128,
            62.5535260021348,
            133.3143116348701,
            223.80131688181544,
            321.49136729502294,
            349.636140795111,
            406.65224902499875,
            403.19630113953355,
            369.1248575904194,
            384.295426055502,
            321.9129163956698,
            315.6751874947907,
            289.0380064867269,
            242.99865674868562,
            190.4013467622928,
            173.54209921879806,
            166.016115119985,
            63.51019642434471,
            0,
            0
        ],
        [
            0,
            -14.107280779592708,
            34.9572150778161,
            50.02979323376851,
            7.113824420012806,
            14.023443395368869,
            20.76130191360232,
            21.489041976533883,
            3.611439133157305,
            -35.41975068165128,
            0,
            27.274626595187776,
            99.5974024752067,
            192.15331197859305,
            291.9631435860708,
            320.07606764268417,
            377.8211576138263,
            373.47035932856,
            337.86503578014583,
            352.73797782551515,
            288.55642720056477,
            281.80160881147475,
            254.3165326642294,
            207.60873570151287,
            155.24834795455376,
            138.9681922246374,
            130.0877558063856,
            33.16907659834679,
            0,
            0
        ],
        [
            0,
            -23.295212848269088,
            26.18729636316313,
            37.95056274608286,
            -9.702515579495643,
            -4.980920638727491,
            -0.1960748634262468,
            -1.3520686875532748,
            -21.303649085253173,
            -62.5535260021348,
            -27.274626595187776,
            0,
            73.14842020370838,
            166.8094176615149,
            267.7313428036481,
            295.7357185906461,
            353.7850678334944,
            348.85851630864556,
            312.3715616228094,
            327.01838406207287,
            261.92782781705375,
            254.91539359330756,
            227.10601006475088,
            180.42557935037667,
            128.91339932557622,
            113.58404459216247,
            103.90518785944825,
            10.307454615049108,
            0,
            0
        ],
        [
            0,
            -45.71477944645848,
            -2.736662813958154,
            0.7872877679472112,
            -55.66389067364106,
            -56.8672926595059,
            -57.34225838959578,
            -63.28518144481006,
            -87.79450571048899,
            -133.3143116348701,
            -99.5974024752067,
            -73.14842020370838,
            0,
            93.99722206846302,
            195.35066569720212,
            222.86353208259126,
            280.87945477706626,
            275.34480843272195,
            238.1903608664058,
            252.8365388784667,
            187.5046085260801,
            180.9128332110985,
            154.2831682255562,
            110.64353020551499,
            64.5019483293947,
            56.48611912186628,
            55.45910476462142,
            0,
            0,
            0
        ],
        [
            0,
            -76.75791667990401,
            -42.68653358927835,
            -49.19637396179751,
            -115.90993558111681,
            -124.51247835803,
            -131.5489084473045,
            -143.39470819494002,
            -173.35705728817973,
            -223.80131688181544,
            -192.15331197859305,
            -166.8094176615149,
            -93.99722206846302,
            0,
            101.47914868242803,
            128.44284304324867,
            186.34757666070473,
            180.37847890535693,
            142.91672816336117,
            157.85442556552465,
            92.9606837817142,
            87.38934692076108,
            63.1761846191453,
            24.92997473012273,
            -12.335155250363357,
            -7.996556665245886,
            8.338426155878315,
            0,
            0,
            0
        ],
        [
            0,
            -112.8863045496543,
            -88.27914031114939,
            -105.18082280018906,
            -182.38157252121033,
            -198.75613063027123,
            -212.6694119560005,
            -230.64878325840414,
            -266.1680288884281,
            -321.49136729502294,
            -291.9631435860708,
            -267.7313428036481,
            -195.35066569720212,
            -101.47914868242803,
            0,
            26.51780053477693,
            84.35865869985565,
            78.23330460313434,
            40.90397938888997,
            56.46004903743913,
            -7.293845662783421,
            -11.273373617709296,
            -31.935922041195713,
            -62.67750936419668,
            -87.83601228215048,
            -66.05387627029792,
            -18.518650598706216,
            0,
            0,
            0
        ],
        [
            -42.503028326085115,
            -128.04895792970922,
            -103.07674056425209,
            -122.36262916131626,
            -203.0691760390052,
            -221.24307265010032,
            -236.7355150919566,
            -256.14532358312846,
            -293.05950194907416,
            -349.636140795111,
            -320.07606764268417,
            -295.7357185906461,
            -222.86353208259126,
            -128.44284304324867,
            -26.51780053477693,
            0,
            57.90350804686544,
            51.71610928824814,
            14.485936337535518,
            30.17731071007683,
            -32.873530720962584,
            -36.2381645326093,
            -55.36879344515194,
            -82.59624755760154,
            -101.43268259091892,
            -70.63764439838572,
            0,
            0,
            0,
            0
        ],
        [
            -73.84363749749473,
            -153.36660087616826,
            -132.37088185614033,
            -157.20203108522762,
            -243.94714877502682,
            -266.28520858280154,
            -285.419102205629,
            -308.02079550466914,
            -347.75623406661265,
            -406.65224902499875,
            -377.8211576138263,
            -353.7850678334944,
            -280.87945477706626,
            -186.34757666070473,
            -84.35865869985565,
            -57.90350804686544,
            0,
            -5.978204134405234,
            -42.57455605198056,
            -26.263562145961075,
            -87.59291367364746,
            -89.3780378112903,
            -104.97668057116829,
            -124.74564317704903,
            -130.80977069799738,
            -78.3040412459396,
            0,
            0,
            0,
            0
        ],
        [
            -90.78063368229977,
            -157.5172237077857,
            -132.874991510322,
            -156.76360612197985,
            -243.77531551138853,
            -265.3501165815519,
            -283.76323046098696,
            -305.70675376274284,
            -344.88501897783544,
            -403.19630113953366,
            -373.47035932855994,
            -348.85851630864556,
            -275.34480843272195,
            -180.37847890535693,
            -78.23330460313434,
            -51.71610928824814,
            5.9782041344052335,
            0,
            -36.277690903946166,
            -20.14968118782895,
            -80.4510269497293,
            -81.94739019669595,
            -96.51121669546569,
            -113.49501089577089,
            -113.11398029674315,
            -41.17495457413845,
            0,
            0,
            0,
            0
        ],
        [
            -97.73438898807596,
            -149.55566393241662,
            -117.94791558590555,
            -137.81860505777132,
            -222.2363623837718,
            -240.68756106859408,
            -256.300157943799,
            -275.7608324045393,
            -312.7793334033113,
            -369.1248575904194,
            -337.86503578014583,
            -312.3715616228094,
            -238.1903608664058,
            -142.91672816336117,
            -40.90397938888997,
            -14.485936337535518,
            42.57455605198056,
            36.277690903946166,
            0,
            15.213255605838395,
            -44.53249516287136,
            -46.730878606817235,
            -62.067173116687144,
            -79.52041877598046,
            -76.65051971191313,
            0,
            0,
            0,
            0,
            0
        ],
        [
            -110.04462524743283,
            -159.28070378083072,
            -127.67178914450787,
            -148.88799290804772,
            -235.1207229574781,
            -254.46223005508844,
            -270.7754639710858,
            -290.7498228639306,
            -328.0568439913967,
            -384.295426055502,
            -352.7379778255151,
            -327.01838406207287,
            -252.8365388784667,
            -157.8544255655246,
            -56.46004903743913,
            -30.17731071007683,
            26.263562145961075,
            20.14968118782895,
            -15.213255605838395,
            0,
            -57.45752312432252,
            -58.60772006823543,
            -71.07375976540207,
            -81.44198826241261,
            -59.65148116397588,
            0,
            0,
            0,
            0,
            0
        ],
        [
            -104.816909839482,
            -138.47916820890055,
            -97.5605391348673,
            -112.14838412421506,
            -193.11116108695643,
            -207.31993011199302,
            -219.08534580240064,
            -235.05928512180895,
            -268.84962936814435,
            -321.9129163956698,
            -288.55642720056477,
            -261.92782781705375,
            -187.5046085260801,
            -92.9606837817142,
            7.293845662783421,
            32.873530720962584,
            87.59291367364746,
            80.4510269497293,
            44.53249516287136,
            57.45752312432252,
            0,
            -3.4665658166957085,
            -19.488353456247246,
            -35.077300837545906,
            0,
            0,
            0,
            0,
            0,
            0
        ],
        [
            -108.58296234428774,
            -138.76674630909383,
            -96.23544169231965,
            -110.20994041723614,
            -190.8615405042507,
            -204.43945366861024,
            -215.56772463502193,
            -230.86298967105805,
            -263.81278409646166,
            -315.6751874947907,
            -281.80160881147475,
            -254.91539359330756,
            -180.9128332110985,
            -87.38934692076108,
            11.273373617709296,
            36.2381645326093,
            89.3780378112903,
            81.94739019669595,
            46.730878606817235,
            58.607720068235416,
            3.4665658166957085,
            0,
            -14.72641314756181,
            -24.57541730148378,
            0,
            0,
            0,
            0,
            0,
            0
        ],
        [
            -107.48285343383273,
            -131.42661704079646,
            -85.29729732141355,
            -96.7921892885102,
            -175.19759911878907,
            -186.63037605805965,
            -195.75795104907021,
            -209.1054097513023,
            -239.89088940625078,
            -289.0380064867269,
            -254.3165326642294,
            -227.10601006475088,
            -154.2831682255562,
            -63.1761846191453,
            31.935922041195713,
            55.36879344515194,
            104.97668057116829,
            96.51121669546569,
            62.067173116687144,
            71.07375976540207,
            19.488353456247246,
            14.72641314756181,
            0,
            0,
            0,
            0,
            0,
            0,
            0,
            0
        ],
        [
            -98.27530781091629,
            -115.61034231401189,
            -65.23718605378455,
            -72.74259397609363,
            -146.6909027897886,
            -154.73923047343064,
            -160.76099413338238,
            -171.084855826665,
            -198.37306320483646,
            -242.99865674868562,
            -207.60873570151287,
            -180.42557935037667,
            -110.64353020551499,
            -24.92997473012273,
            62.67750936419668,
            82.59624755760154,
            124.74564317704903,
            113.49501089577087,
            79.52041877598046,
            81.44198826241256,
            35.077300837545906,
            24.575417301483785,
            0,
            0,
            0,
            0,
            0,
            0,
            0,
            0
        ],
        [
            -81.56701720944886,
            -95.19229082566225,
            -41.94860687024159,
            -45.169723783813666,
            -113.29001994587193,
            -117.78530289639289,
            -120.61134493896881,
            -127.80018862030762,
            -151.18079431918284,
            -190.4013467622928,
            -155.24834795455376,
            -128.91339932557622,
            -64.5019483293947,
            12.335155250363357,
            87.83601228215046,
            101.43268259091892,
            130.80977069799738,
            113.11398029674315,
            76.65051971191313,
            59.65148116397586,
            0,
            0,
            0,
            0,
            0,
            0,
            0,
            0,
            0,
            0
        ],
        [
            -64.79088958283235,
            -89.17609469764727,
            -40.99543912351235,
            -44.51463204064004,
            -109.19847549411762,
            -113.24738349337447,
            -115.35054675730606,
            -121.08135577396871,
            -140.9814300984827,
            -173.54209921879803,
            -138.96819222463745,
            -113.58404459216247,
            -56.48611912186628,
            7.996556665245886,
            66.05387627029792,
            70.63764439838572,
            78.3040412459396,
            41.174954574138376,
            0,
            0,
            0,
            0,
            0,
            0,
            0,
            0,
            0,
            0,
            0,
            0
        ],
        [
            -16.706671395883816,
            -87.12822066550538,
            -51.13350683952285,
            -57.770832734447445,
            -119.25308080560501,
            -124.2173090704969,
            -126.28773730990379,
            -130.3026352255395,
            -144.76054477407874,
            -166.01611511998502,
            -130.0877558063856,
            -103.90518785944825,
            -55.459104764621436,
            -8.338426155878311,
            18.5186505987062,
            0,
            0,
            0,
            0,
            0,
            0,
            0,
            0,
            0,
            0,
            0,
            0,
            0,
            0,
            0
        ],
        [
            0,
            -39.468040129374444,
            -4.030714016731337,
            -1.4291347522597144,
            -47.76102550427893,
            -46.78356742540502,
            -44.45159477874295,
            -44.769032258114564,
            -53.52265813247063,
            -63.51019642434473,
            -33.16907659834678,
            -10.30745461504907,
            0,
            0,
            0,
            0,
            0,
            0,
            0,
            0,
            0,
            0,
            0,
            0,
            0,
            0,
            0,
            0,
            0,
            0
        ],
        [
            0,
            0,
            -6.333144119741606,
            -6.239779888313809,
            -41.52141486245376,
            -40.43602809970514,
            -36.59450948278287,
            -31.630672165285098,
            -19.902206945302446,
            0,
            0,
            0,
            0,
            0,
            0,
            0,
            0,
            0,
            0,
            0,
            0,
            0,
            0,
            0,
            0,
            0,
            0,
            0,
            0,
            0
        ],
        [
            0,
            0,
            0,
            0,
            0,
            0,
            0,
            0,
            0,
            0,
            0,
            0,
            0,
            0,
            0,
            0,
            0,
            0,
            0,
            0,
            0,
            0,
            0,
            0,
            0,
            0,
            0,
            0,
            0,
            0
        ]
    ],
    "imag(M)": [
        [
            0,
            0,
            0,
            0,
            0,
            0,
            0,
            0,
            0,
            0,
            0,
            0,
            0,
            0,
            0,
            -7.29364281558889,
            -0.9397572995287589,
            4.005088850929188,
            16.780415977393485,
            25.1710348122831,
            28.446470930246978,
            38.80169528368681,
            40.42517049603806,
            48.599204640242256,
            37.90653982745444,
            38.47705388981815,
            10.283138522678982,
            0,
            0,
            0
        ],
        [
            0,
            0,
            0,
            0,
            0,
            0,
            0,
            0,
            0,
            -12.242949938595904,
            -18.4690759844048,
            -63.929462203196,
            -84.16731767802496,
            -91.1759187472986,
            -99.15447829870438,
            -55.61457043924357,
            -28.446902461067307,
            -17.336843963504748,
            8.200080189410668,
            21.990175753924866,
            25.514840888684354,
            42.78693672014742,
            43.7610841480774,
            59.04234243233026,
            44.224614591163444,
            60.230472283333064,
            60.964871993637914,
            38.614888898955,
            0,
            0
        ],
        [
            0,
            0,
            0,
            0,
            0,
            0,
            0,
            0.971769092193901,
            -16.459856027124417,
            -35.542933138142466,
            -38.374485404249086,
            -110.99196767628543,
            -136.3228563213937,
            -141.37424550561747,
            -148.79164010978593,
            -84.16031242870082,
            -45.2917141769311,
            -29.72304581948725,
            4.797687615121827,
            22.97724941548872,
            27.35102254567861,
            49.847593691935394,
            50.80537717991016,
            70.78699095131223,
            51.97795384369852,
            74.87861939935425,
            80.08523369247239,
            57.17625807022425,
            -13.94039299691605,
            0
        ],
        [
            0,
            0,
            0,
            0,
            0,
            0,
            0.3350760279995679,
            -5.270778471262351,
            -34.26018774058595,
            -59.296969463339956,
            -61.82173659470695,
            -155.17165082774264,
            -185.60008228533536,
            -190.1729702674495,
            -197.94013421386717,
            -117.05108907669386,
            -69.05164831178332,
            -50.04185728777921,
            -8.294586987186102,
            13.423208770001636,
            18.45729456425617,
            45.23721732712575,
            46.17972191351598,
            70.04632878478829,
            48.09751496222747,
            76.56187986455213,
            85.05425465913798,
            61.059619598451796,
            -26.996615437922753,
            0
        ],
        [
            0,
            0,
            0,
            0,
            0,
            7.361390482872666,
            -12.419852425686747,
            -22.86120557230636,
            -61.3868838846944,
            -92.44075879057772,
            -95.53144171374525,
            -206.662569823258,
            -241.94090181741754,
            -246.59921322543494,
            -255.07182499227065,
            -160.57641569210713,
            -104.95381526031069,
            -83.14434257068791,
            -35.288087563326904,
            -10.601046841286504,
            -5.04429526531997,
            25.40475808300833,
            26.375562305615176,
            53.72559146638799,
            29.50626900614035,
            63.09733027898264,
            74.88742007692986,
            51.035346922695176,
            -45.23651333736655,
            0
        ],
        [
            0,
            0,
            0,
            0,
            -7.361390482872666,
            0,
            -28.781912609098512,
            -42.67006641657531,
            -88.95668605899985,
            -125.10093549248683,
            -128.6432457143675,
            -255.22200872811942,
            -294.74095536644205,
            -299.4621392113314,
            -308.51798270291687,
            -202.01960957397944,
            -139.62865282155602,
            -115.28179139025949,
            -61.99076547150555,
            -34.631511702057374,
            -28.547308250199524,
            5.1569740332806,
            6.240178288668399,
            36.66762223899634,
            10.65446415275673,
            48.53542621846074,
            62.914152867542136,
            39.2531724533704,
            -59.472135543435215,
            0
        ],
        [
            0,
            0,
            0,
            -0.3350760279995679,
            12.419852425686747,
            28.781912609098512,
            0,
            -10.739939882612296,
            -58.480743470406196,
            -94.51529570046672,
            -95.42841877088881,
            -233.82083939510522,
            -275.41140426461556,
            -278.6516432350184,
            -286.82939064106466,
            -168.49407468217828,
            -99.07124271507591,
            -71.60630892362155,
            -12.854181184834705,
            17.33120460491419,
            24.157561088720108,
            60.73346128830665,
            61.54889495065106,
            93.14065470985165,
            63.00575256698617,
            100.04488739965167,
            109.9301608166775,
            77.09124848347086,
            -32.90087618282347,
            0
        ],
        [
            0,
            0,
            -0.971769092193901,
            5.270778471262351,
            22.86120557230636,
            42.67006641657531,
            10.739939882612296,
            0,
            -51.39786445355917,
            -89.40405720516296,
            -89.34284569587467,
            -238.98757183732326,
            -283.128282422132,
            -285.6986412259165,
            -293.6580571067197,
            -165.41983944667533,
            -90.28144201758788,
            -60.47516384418593,
            2.6923884201921835,
            35.05082494694891,
            42.31737265945482,
            81.19112927359006,
            81.70367010604848,
            114.34883183965219,
            81.37317313216911,
            118.21220983290556,
            125.1282103085411,
            86.43766337792114,
            -22.06479186719042,
            0
        ],
        [
            0,
            0,
            16.459856027124417,
            34.26018774058595,
            61.3868838846944,
            88.95668605899985,
            58.480743470406196,
            51.39786445355917,
            0,
            -36.93079089986071,
            -34.16533662960252,
            -192.56006484893953,
            -237.8963458789331,
            -238.94502513425573,
            -245.88060719686453,
            -108.39057178184781,
            -27.80318100568851,
            4.389452908398063,
            71.51227083549792,
            105.73161447061011,
            113.22385941452059,
            153.6229183867116,
            152.95801626493719,
            184.21430159594607,
            145.7757266638311,
            176.9371345687708,
            173.2783946619483,
            117.95263226105953,
            0.7652758796447288,
            0
        ],
        [
            0,
            12.242949938595899,
            35.542933138142466,
            59.296969463339956,
            92.44075879057772,
            125.10093549248683,
            94.51529570046672,
            89.40405720516296,
            36.93079089986071,
            0,
            4.489443078876819,
            -161.7873582943969,
            -208.43619673047493,
            -208.43515242581836,
            -214.7122820744241,
            -69.6738983526242,
            15.207278001169819,
            49.12238226169638,
            119.18811801206964,
            154.6010863383379,
            161.9612765893605,
            203.15321937191644,
            200.96842389308094,
            229.94812816812743,
            186.26956639264571,
            210.34965892217173,
            194.1576540740593,
            117.98354471460527,
            0,
            0
        ],
        [
            0,
            18.4690759844048,
            38.374485404249086,
            61.82173659470695,
            95.53144171374525,
            128.6432457143675,
            95.42841877088881,
            89.34284569587467,
            34.16533662960252,
            -4.489443078876819,
            0,
            -171.96559267840385,
            -219.98565281422114,
            -219.77357206288318,
            -226.0068516901271,
            -76.62697301910175,
            10.585754060839905,
            45.305051426207925,
            116.9099414302391,
            152.861150010973,
            160.06057975048446,
            201.60003033715404,
            198.61844401439657,
            226.40555176929533,
            180.66444941629132,
            200.72862206433157,
            176.70851354616906,
            82.56666944343101,
            0,
            0
        ],
        [
            0,
            63.929462203196,
            110.99196767628543,
            155.17165082774264,
            206.662569823258,
            255.22200872811942,
            233.82083939510522,
            238.98757183732326,
            192.56006484893953,
            161.7873582943969,
            171.96559267840385,
            0,
            -45.88982619507599,
            -43.05374700324287,
            -47.200405488417296,
            106.17709751483532,
            195.7175596925558,
            231.3694369757854,
            303.68498258183246,
            339.172503560898,
            344.87475061789524,
            384.37608881879214,
            376.18862580798236,
            393.36046727052934,
            331.86196125018546,
            326.9764360710463,
            262.3918917675545,
            58.54268417249052,
            0,
            0
        ],
        [
            0,
            84.16731767802496,
            136.3228563213937,
            185.60008228533536,
            241.94090181741754,
            294.74095536644205,
            275.41140426461556,
            283.128282422132,
            237.8963458789331,
            208.43619673047493,
            219.98565281422114,
            45.88982619507599,
            0,
            3.509335184172628,
            -0.1795584001065632,
            155.47700687067805,
            246.101831372617,
            281.9255109777289,
            354.4420058204938,
            389.4430971666612,
            394.1335999377326,
            432.4063236518977,
            421.38981255962835,
            432.9441252976298,
            363.83872029392114,
            344.9914976784875,
            253.93092752608766,
            0,
            0,
            0
        ],
        [
            0,
            91.17591874729861,
            141.37424550561747,
            190.1729702674495,
            246.59921322543494,
            299.4621392113314,
            278.6516432350184,
            285.6986412259165,
            238.94502513425573,
            208.43515242581836,
            219.77357206288318,
            43.05374700324287,
            -3.509335184172628,
            0,
            -3.7632454625388227,
            153.33875915466106,
            244.49577998025947,
            280.21749552747013,
            352.6802998560538,
            387.1935364989068,
            391.1286455871353,
            428.46667892387484,
            415.6700341844859,
            423.5800811740424,
            350.278958023913,
            321.12378555822204,
            203.96814869635844,
            0,
            0,
            0
        ],
        [
            0,
            99.15447829870438,
            148.79164010978593,
            197.94013421386717,
            255.07182499227065,
            308.51798270291687,
            286.82939064106466,
            293.6580571067197,
            245.88060719686453,
            214.7122820744241,
            226.0068516901271,
            47.200405488417296,
            0.1795584001065632,
            3.7632454625388227,
            0,
            158.14488039969726,
            249.56052931484595,
            285.02280042721213,
            357.10152900456853,
            390.8583668232387,
            393.81951942312094,
            429.79463165340974,
            414.70591637603417,
            417.7193672098807,
            338.7328955036292,
            294.89596142330765,
            125.63314272872219,
            0,
            0,
            0
        ],
        [
            7.29364281558889,
            55.61457043924357,
            84.16031242870082,
            117.05108907669386,
            160.57641569210713,
            202.01960957397944,
            168.49407468217828,
            165.41983944667533,
            108.39057178184781,
            69.6738983526242,
            76.62697301910175,
            -106.17709751483532,
            -155.47700687067805,
            -153.33875915466106,
            -158.14488039969726,
            0,
            91.30981324516151,
            126.85590038979751,
            199.3408191664056,
            233.88854939022502,
            238.23849215883087,
            275.83143986176714,
            264.89376749606225,
            275.21531484687125,
            209.34014905648147,
            177.8213868930241,
            0,
            0,
            0,
            0
        ],
        [
            0.9397572995287602,
            28.446902461067307,
            45.2917141769311,
            69.05164831178332,
            104.95381526031069,
            139.62865282155602,
            99.07124271507591,
            90.28144201758788,
            27.80318100568851,
            -15.207278001169819,
            -10.585754060839905,
            -195.7175596925558,
            -246.101831372617,
