{
    "bin_ranges": {
        "m3pi_lower_limit": 1.78,
        "m3pi_upper_limit": 1.82,
        "t_lower_limit": 0.326,
        "t_upper_limit": 1
    },
    "info": "The dalitz matrix M is computed as sqrt(-Kibble) * (A[1]-A[2])",
    "bin_centers": [
        0.29900000000000004,
        0.33999999999999997,
        0.38,
        0.42000000000000004,
        0.45999999999999996,
        0.5,
        0.54,
        0.5800000000000001,
        0.62,
        0.66,
        0.69,
        0.71,
        0.73,
        0.75,
        0.77,
        0.79,
        0.81,
        0.83,
        0.85,
        0.87,
        0.89,
        0.91,
        0.94,
        0.98,
        1.02,
        1.06,
        1.1,
        1.1400000000000001,
        1.18,
        1.22,
        1.26,
        1.3,
        1.34,
        1.38,
        1.42,
        1.46,
        1.5,
        1.54,
        1.58,
        1.62,
        1.66
    ],
    "real(M)": [
        [
            0,
            0,
            0,
            0,
            0,
            0,
            0,
            0,
            0,
            0,
            0,
            0,
            0,
            0,
            0,
            0,
            0,
            0,
            0,
            0,
            0,
            0,
            0,
            0,
            0,
            136.41907675131694,
            180.37545668284014,
            218.39872335692485,
            256.7373030537161,
            268.261014866207,
            272.08327956008395,
            250.71569391988658,
            222.7131108212375,
            199.18746835288752,
            138.98238074028814,
            62.450302625275725,
            0,
            0,
            0,
            0,
            0
        ],
        [
            0,
            0,
            0,
            0,
            0,
            0,
            0,
            0,
            0,
            0,
            0,
            0,
            0,
            0,
            0,
            0,
            0,
            0,
            64.26677812763165,
            116.65341347334747,
            139.2974641915288,
            154.02244841971407,
            178.06400510459687,
            204.2243831005369,
            176.52474590637573,
            202.80210664140904,
            176.80037473484168,
            190.56103777198558,
            224.6232723049268,
            221.94127432010177,
            219.33012949992548,
            184.58835776878385,
            151.85561510039767,
            146.26655443584775,
            92.91911668215533,
            101.66044651915064,
            42.87113949047583,
            39.561836826919865,
            0,
            0,
            0
        ],
        [
            0,
            0,
            0,
            0,
            0,
            0,
            0,
            0,
            0,
            0,
            0,
            0,
            0,
            63.862879484345534,
            123.69907244573852,
            225.3793324414308,
            254.2533363950983,
            250.54300190150377,
            252.07033474718776,
            241.23050820149408,
            227.59532574483745,
            219.31649822393007,
            225.97734454947016,
            237.1435672041854,
            177.05968491465563,
            201.52458022568518,
            156.1476712708485,
            168.22909441367315,
            208.9341311224014,
            202.17696186223864,
            197.43329116478358,
            152.2311083439087,
            111.47153979764994,
            108.68765027710978,
            43.52587848047803,
            65.88646379248797,
            -5.128335059944437,
            13.334776350367532,
            16.81330552315127,
            0,
            0
        ],
        [
            0,
            0,
            0,
            0,
            0,
            0,
            0,
            0,
            0,
            -8.867604831138879,
            -7.239451219467405,
            7.920756475943855,
            90.68404149532333,
            199.86658521818882,
            275.92086067789637,
            420.58408830243116,
            438.11895064172245,
            413.6074553439166,
            403.54949036471425,
            380.0289732869977,
            355.83585816832124,
            340.9773921453422,
            345.8503476079031,
            356.8276552473698,
            279.64194032224964,
            309.56651767769625,
            253.6392653407268,
            268.5475714986481,
            317.921662151935,
            309.5333060788801,
            303.4888857636069,
            248.5305810117587,
            198.59965412811547,
            194.02786452803784,
            113.03303741152487,
            137.78301743056738,
            45.59072993656256,
            63.24887935336191,
            61.58759043838744,
            76.67489117627913,
            0
        ],
        [
            0,
            0,
            0,
            0,
            0,
            0,
            0,
            0,
            -22.993615549686165,
            -36.11473496982155,
            -17.951386060692837,
            6.775279499949341,
            125.67974923312799,
            270.18047595975946,
            362.18112284131075,
            541.0767234218606,
            552.3443898984464,
            512.3708987830427,
            492.8899764890786,
            458.355175599685,
            424.4271745926179,
            402.89739096738305,
            404.4468551723676,
            412.89787746689444,
            318.4873494132017,
            351.153401022305,
            284.09463238156144,
            300.06110013558975,
            356.08292738676596,
            345.55243363102556,
            338.08585337512017,
            274.6733083395422,
            217.40330142525866,
            212.65581891212415,
            120.03780240181855,
            149.85563472068148,
            44.062395546762254,
            66.76343241023224,
            68.62038894752054,
            102.78157271510335,
            0
        ],
        [
            0,
            0,
            0,
            0,
            0,
            0,
            0,
            5.078926830394302,
            -1.8265761070711055,
            -2.110316808247689,
            31.200316761659014,
            67.11898773172229,
            218.77444671674644,
            396.78147114578366,
            506.9449961587145,
            719.5035274819612,
            729.9538361587095,
            680.6462718597132,
            656.5572346959787,
            615.6199286051786,
            576.0771319726175,
            551.3775310789476,
            553.745354758254,
            564.3867470542299,
            458.174436979051,
            496.51253553449345,
            421.8785788615849,
            440.7522637695856,
            504.12427459334816,
            492.21762745212163,
            483.2664433429735,
            411.16794268665774,
            345.34584084435147,
            337.45702267508494,
            230.3521118067056,
            258.9751058809475,
            134.11124505020712,
            151.28760245482897,
            142.44044719040866,
            168.36812731820726,
            0
        ],
        [
            0,
            0,
            0,
            0,
            0,
            0,
            0,
            11.149722390593325,
            1.7582332997135854,
            2.2435511781354576,
            42.73230822656005,
            85.07886820159618,
            262.29478744027614,
            467.2991191464024,
            591.4726201083123,
            832.1323465810785,
            840.1184358986502,
            780.654950678187,
            750.6398624936322,
            702.1513531212831,
            655.7889954335267,
            626.5381621337139,
            627.2944706962519,
            637.0563553517128,
            517.3758877354678,
            558.6854102674107,
            475.153581581435,
            495.1884600419066,
            564.213601628635,
            550.3440640797756,
            539.798519081429,
            460.0557009031457,
            387.34781015326513,
            378.1449534244611,
            260.4011445950668,
            291.07039739076737,
            153.94901206331917,
            171.86944550849205,
            161.13867077438826,
            188.0172158271471,
            0
        ],
        [
            0,
            0,
            0,
            0,
            0,
            -5.078926830394302,
            -11.149722390593325,
            0,
            -14.490615097284813,
            -16.19281486935899,
            28.706664434250175,
            75.63252604794887,
            274.76874841296944,
            503.3061531286788,
            639.4535136058688,
            905.0593041299664,
            910.1492234709247,
            840.694357214633,
            804.5369285626406,
            748.3899714804842,
            695.035026284465,
            660.8929080621351,
            659.1753034041283,
            666.9050495136307,
            533.6147204390496,
            576.7205321179699,
            484.11762924289036,
            504.58518279361675,
            578.3621128347932,
            562.3863433478557,
            550.2845364820488,
            463.70956467581675,
            385.19495640175745,
            375.5462687363467,
            249.49255110337387,
            283.449632684459,
            138.028010617149,
            159.24301884269576,
            150.2519462799739,
            179.45995384455327,
            0
        ],
        [
            0,
            0,
            0,
            0,
            22.993615549686165,
            1.8265761070711055,
            -1.7582332997135854,
            14.490615097284813,
            0,
            0.25307507536824064,
            51.85193294497576,
            104.6823185649233,
            325.57337981081474,
            577.4185045223937,
            726.2611839942826,
            1016.5198395344412,
            1020.482867180597,
            943.2211264448988,
            902.7238814875207,
            840.7372970005662,
            782.0763683809722,
            744.5056645350801,
            742.0393641859514,
            749.7083703815118,
            605.2983451864475,
            651.3523439006699,
            551.3071234350497,
            572.8523102557971,
            651.3436883813823,
            633.373874381004,
            619.3810663299404,
            525.6952653272623,
            440.57856630573644,
            428.58445596739557,
            292.7089523305056,
            326.0820200455517,
            169.6055412571237,
            187.76840340953055,
            171.97818845856543,
            185.86399973912773,
            0
        ],
        [
            0,
            0,
            0,
            8.867604831138879,
            36.11473496982155,
            2.110316808247689,
            -2.2435511781354576,
            16.19281486935899,
            -0.25307507536824064,
            0,
            56.52577434247819,
            114.04041753348899,
            354.3270606692941,
            627.1167806755562,
            787.1445892669894,
            1099.7461645365918,
            1102.1220285458048,
            1017.0547003736136,
            971.9810227723065,
            904.0269019014627,
            839.906322863377,
            798.6410542973108,
            794.7627638575349,
            801.4876140059064,
            645.9275880619018,
            694.0128013394896,
            586.4646386788298,
            608.5041624795025,
            690.9150984587778,
            670.801586133311,
            654.8782465796589,
            554.7193796743038,
            463.8237492885008,
            449.9926241952306,
            306.155259745308,
            339.51074075414743,
            175.17441787778952,
            191.61053198439424,
            170.75448023081842,
            164.098344203532,
            0
        ],
        [
            0,
            0,
            0,
            7.239451219467405,
            17.951386060692837,
            -31.200316761659014,
            -42.73230822656005,
            -28.706664434250175,
            -51.85193294497576,
            -56.52577434247819,
            0,
            58.613965346425495,
            310.4260716954874,
            595.9390805404537,
            761.9173363885919,
            1088.408613241035,
            1087.889316992209,
            995.6071028022384,
            945.6603138286586,
            871.9208061257858,
            802.444433716065,
            757.1416546993136,
            750.259059847539,
            753.9116207204002,
            588.4476772490901,
            636.23674533515,
            522.1100641253486,
            543.5640014130767,
            628.181023082186,
            606.5535027329116,
            589.7949246808166,
            486.35202080334045,
            393.39422098539524,
            380.9093023243423,
            235.55349345155847,
            273.434126264706,
            110.88180518276863,
            134.1851691399968,
            120.90685647924091,
            109.02421279605717,
            0
        ],
        [
            0,
            0,
            0,
            -7.920756475943855,
            -6.775279499949341,
            -67.11898773172229,
            -85.07886820159618,
            -75.63252604794887,
            -104.6823185649233,
            -114.04041753348899,
            -58.613965346425495,
            0,
            258.47628474504387,
            551.4482125403866,
            720.5983271259346,
            1055.3443667967938,
            1052.4046756282441,
            954.9697150763311,
            901.3848920718495,
            823.4497390684958,
            750.07665673522,
            701.742994368751,
            692.3066675937498,
            693.2439844674834,
            520.8533146863913,
            567.9377815226433,
            449.28073667798833,
            470.1392275041949,
            556.0656643878036,
            533.601056478816,
            516.6363835972958,
            411.7435676840269,
            318.405829221553,
            307.93359885379255,
            163.43041590905972,
            206.09883986121065,
            47.96401054811656,
            79.16213387577656,
            75.84737047338687,
            62.069516583880606,
            0
        ],
        [
            0,
            0,
            0,
            -90.68404149532333,
            -125.67974923312799,
            -218.77444671674644,
            -262.29478744027614,
            -274.76874841296944,
            -325.57337981081474,
            -354.3270606692941,
            -310.4260716954874,
            -258.47628474504353,
            0,
            293.9780462825776,
            460.23671388320247,
            797.2218217320651,
            786.460838318603,
            678.8027036983082,
            616.6891449211416,
            529.9263774490987,
            448.25660636355286,
            392.70767864720034,
            374.8414194467041,
            366.12298283759986,
            181.15397328324457,
            222.81478443880158,
            96.36444182070393,
            114.57527916500726,
            201.17130908893546,
            179.02301217000934,
            164.84840911286003,
            63.74049349404322,
            -22.32709258960616,
            -20.452116328988826,
            -150.01894807467306,
            -84.64068467112628,
            -213.95372873199005,
            -142.62861642480144,
            -88.13229238942394,
            0,
            0
        ],
        [
            0,
            0,
            -63.862879484345534,
            -199.86658521818882,
            -270.18047595975946,
            -396.78147114578366,
            -467.2991191464024,
            -503.3061531286788,
            -577.4185045223937,
            -627.1167806755562,
            -595.9390805404537,
            -551.4482125403866,
            -293.9780462825776,
            0,
            162.54123676935336,
            500.78591758344567,
            481.6335933416678,
            363.3125482164083,
            292.2106460282297,
            196.21792987886562,
            105.8775074291763,
            42.748203639175316,
            15.908355812752173,
            -3.0605192539737582,
            -200.82633294149517,
            -164.84951481769818,
            -298.9332632034041,
            -283.1234606276475,
            -195.4203040490882,
            -216.35540277191853,
            -226.4817699129465,
            -321.96275190132206,
            -398.38806801413654,
            -381.2966741554459,
            -491.8720514337624,
            -399.0611174757431,
            -492.2859345329198,
            -371.1328847653814,
            -240.67088830901972,
            0,
            0
        ],
        [
            0,
            0,
            -123.69907244573852,
            -275.92086067789637,
            -362.18112284131075,
            -506.9449961587145,
            -591.4726201083123,
            -639.4535136058688,
            -726.2611839942826,
            -787.1445892669894,
            -761.9173363885919,
            -720.5983271259346,
            -460.2367138832029,
            -162.54123676935336,
            0,
            342.8912838372629,
            318.96427675241,
            193.54882304279175,
            116.82681641907479,
            14.846481779754711,
            -81.08057823184927,
            -148.88833602215678,
            -180.7136311572305,
            -205.20146080750888,
            -411.5182746544384,
            -377.9519101248731,
            -516.9700560625395,
            -501.86497613495226,
            -412.3601172955767,
            -432.24003715139537,
            -439.58598747650416,
            -531.7836982932631,
            -602.2960469852877,
            -575.48038654564,
            -674.0750048474524,
            -563.6293918772029,
            -632.5205053251185,
            -477.575088159353,
            -289.46517081696925,
            0,
            0
        ],
        [
            0,
            0,
            -225.3793324414308,
            -420.58408830243116,
            -541.0767234218606,
            -719.5035274819612,
            -832.1323465810785,
            -905.0593041299664,
            -1016.5198395344441,
            -1099.7461645365918,
            -1088.408613241035,
            -1055.3443667967938,
            -797.2218217320651,
            -500.78591758344567,
            -342.8912838372629,
            0,
            -32.7867925632547,
            -169.09468201657307,
            -255.09676579026672,
            -366.50697192091604,
            -471.27172291494196,
            -546.8346284253918,
            -587.9387398443479,
            -622.9206830121716,
            -841.6310702396547,
            -813.5666784713364,
            -959.314958141608,
            -945.6881501700366,
            -853.9335846016387,
            -870.6914755481313,
            -871.5351259133121,
            -954.6538464220307,
            -1011.2049525566547,
            -964.0795603196751,
            -1036.3338986538029,
            -889.9541900867379,
            -908.7238903220166,
            -683.5285663626099,
            -366.0847774509076,
            0,
            0
        ],
        [
            0,
            0,
            -254.2533363950983,
            -438.11895064172245,
            -552.3443898984464,
            -729.9538361587095,
            -840.1184358986502,
            -910.1492234709247,
            -1020.4828671805985,
            -1102.1220285458048,
            -1087.889316992209,
            -1052.4046756282441,
            -786.4608383186036,
            -481.6335933416678,
            -318.96427675241,
            32.7867925632547,
            0,
            -138.621130599703,
            -225.76295519001135,
            -338.8311991867054,
            -445.0691722370622,
            -521.4612340629056,
            -562.3180922860467,
            -596.6502172964605,
            -818.2680007028256,
            -788.4755791280526,
            -935.6693818770033,
            -920.7594347848491,
            -826.6696774786259,
            -842.9208316428857,
            -843.0817412509377,
            -926.3974609580108,
            -982.4356275649382,
            -933.5585043673891,
            -1003.6119449932081,
            -853.6218163558418,
            -863.7780554288964,
            -625.7182944961945,
            -247.76755964501305,
            0,
            0
        ],
        [
            0,
            0,
            -250.54300190150377,
            -413.6074553439166,
            -512.3708987830427,
            -680.6462718597132,
            -780.654950678187,
            -840.694357214633,
            -943.2211264448988,
            -1017.0547003736136,
            -995.6071028022384,
            -954.9697150763304,
            -678.8027036983086,
            -363.3125482164083,
            -193.54882304279158,
            169.09468201657307,
            138.621130599703,
            0,
            -86.12565967551339,
            -198.7781089575661,
            -304.53202188395034,
            -379.9382942330938,
            -418.1188282933584,
            -449.01198481814595,
            -671.0628147826612,
            -637.901400122062,
            -785.2985686485721,
            -768.7201025076329,
            -672.7595772779803,
            -689.6416441683203,
            -691.2037882489751,
            -777.6931945023807,
            -837.4263358391005,
            -792.6723490536772,
            -867.778590515594,
            -724.4112380386483,
            -738.2106470392316,
            -504.80447846373846,
            0,
            0,
            0
        ],
        [
            0,
            -64.26677812763165,
            -252.07033474718776,
            -403.54949036471425,
            -492.8899764890786,
            -656.5572346959787,
            -750.6398624936322,
            -804.5369285626406,
            -902.7238814875226,
            -971.9810227723065,
            -945.6603138286586,
            -901.3848920718495,
            -616.6891449211427,
            -292.2106460282297,
            -116.82681641907479,
            255.09676579026672,
            225.76295519001135,
            86.12565967551339,
            0,
            -113.17324453424136,
            -219.33167265210943,
            -294.61504861237785,
            -331.38262378334366,
            -360.33522494823643,
            -583.8536208679124,
            -548.3678851950013,
            -696.5039011634175,
            -678.6712254194932,
            -581.0239386122358,
            -598.1805259001936,
            -600.3733948000008,
            -688.5922432431663,
            -749.9882061923705,
            -706.8273883766332,
            -783.0967852968316,
            -641.9431199761917,
            -651.6847991115749,
            -410.87691775728365,
            0,
            0,
            0
        ],
        [
            0,
            -116.65341347334758,
            -241.23050820149408,
            -380.0289732869977,
            -458.355175599685,
            -615.6199286051786,
            -702.1513531212831,
            -748.3899714804842,
            -840.7372970005662,
            -904.0269019014627,
            -871.9208061257858,
            -823.4497390684958,
            -529.9263774490987,
            -196.21792987886562,
            -14.846481779754718,
            366.5069719209158,
            338.83119918670553,
            198.7781089575661,
            113.17324453424136,
            0,
            -106.07625942735287,
            -180.80924290756963,
            -215.65681566565542,
            -242.1266745656654,
            -466.4881652716193,
            -428.4913946003154,
            -577.1175704035953,
            -558.1664022223772,
            -459.29428557277305,
            -477.2566500985213,
            -480.8957062580911,
            -571.7779170592278,
            -636.1222466736843,
            -596.492333450935,
            -675.8891719505508,
            -540.3539315016958,
            -548.6519137421192,
            -301.710907402668,
            0,
            0,
            0
        ],
        [
            0,
            -139.2974641915288,
            -227.59532574483745,
            -355.83585816832124,
            -424.4271745926179,
            -576.0771319726175,
            -655.7889954335267,
            -695.035026284465,
            -782.0763683809722,
            -839.906322863377,
            -802.444433716065,
            -750.07665673522,
            -448.25660636355326,
            -105.8775074291763,
            81.08057823184932,
            471.2717229149417,
            445.0691722370624,
            304.53202188395034,
            219.33167265210943,
            106.07625942735287,
            0,
            -74.2896415523066,
            -107.44630372100609,
            -131.7407949077226,
            -357.00138770660016,
            -316.8228073255219,
            -466.00839771608014,
            -446.19277222251475,
            -346.4528536188351,
            -365.3847777921852,
            -370.63020913367376,
            -464.1115170169172,
            -531.2995719266214,
            -495.2929758886228,
            -577.2951013558127,
            -447.56928018180207,
            -452.17297388626037,
            -185.96674413866268,
            0,
            0,
            0
        ],
        [
            0,
            -154.02244841971404,
            -219.31649822393007,
            -340.9773921453422,
            -402.89739096738305,
            -551.3775310789476,
            -626.5381621337139,
            -660.8929080621351,
            -744.5056645350801,
            -798.6410542973108,
            -757.1416546993136,
            -701.742994368751,
            -392.70767864720034,
            -42.748203639175316,
            148.88833602215678,
            546.8346284253918,
            521.4612340629054,
            379.9382942330938,
            294.6150486123778,
            180.80924290756963,
            74.2896415523066,
            0,
            -32.15166297368706,
            -55.08961817256645,
            -281.68771666010997,
            -239.91825500675336,
            -389.84071766866305,
            -369.37216162094626,
            -268.90766275720466,
            -288.55060254776396,
            -294.9108986266601,
            -389.99253596989837,
            -458.65579933763127,
            -424.7086610838401,
            -506.52988554244445,
            -379.80429332170195,
            -373.1932870697822,
            0,
            0,
            0,
            0
        ],
        [
            0,
            -178.06400510459687,
            -225.97734454947013,
            -345.8503476079031,
            -404.4468551723676,
            -553.745354758254,
            -627.2944706962519,
            -659.1753034041283,
            -742.0393641859514,
            -794.7627638575349,
            -750.259059847539,
            -692.3066675937501,
            -374.8414194467043,
            -15.908355812752173,
            180.7136311572305,
            587.9387398443479,
            562.3180922860471,
            418.1188282933584,
            331.38262378334366,
            215.65681566565542,
            107.44630372100609,
            32.15166297368706,
            0,
            -22.645743055340223,
            -252.14703354089383,
            -209.07550699965722,
            -360.2498201360851,
            -338.875228364187,
            -237.10437261092923,
            -256.6119923259338,
            -262.75808363293356,
            -357.0618919270954,
            -423.6576294769295,
            -387.6451779952408,
            -460.72733007047935,
            -328.5881931853441,
            -277.91304453287626,
            0,
            0,
            0,
            0
        ],
        [
            0,
            -204.2243831005369,
            -237.1435672041854,
            -356.8276552473698,
            -412.89787746689444,
            -564.3867470542299,
            -637.0563553517128,
            -666.9050495136307,
            -749.7083703815118,
            -801.4876140059064,
            -753.9116207204002,
            -693.243984467483,
            -366.12298283759986,
            3.0605192539737582,
            205.2014608075087,
            622.9206830121714,
            596.6502172964605,
            449.01198481814595,
            360.33522494823643,
            242.1266745656654,
            131.7407949077226,
            55.08961817256645,
            22.645743055340223,
            0,
            -232.73200103362907,
            -188.35729376301674,
            -340.5327207843246,
            -317.98513570756586,
            -214.87486767324484,
            -233.69587112389698,
            -238.88987031539511,
            -330.26286176512764,
            -391.60334096420223,
            -350.5757121760507,
            -404.9197810943722,
            -257.5241352401884,
            0,
            0,
            0,
            0,
            0
        ],
        [
            0,
            -176.52474590637578,
            -177.05968491465563,
            -279.64194032224964,
            -318.4873494132017,
            -458.174436979051,
            -517.3758877354674,
            -533.6147204390492,
            -605.2983451864475,
            -645.9275880619018,
            -588.4476772490901,
            -520.8533146863913,
            -181.15397328324465,
            200.82633294149517,
            411.5182746544384,
            841.6310702396547,
            818.2680007028254,
            671.0628147826612,
            583.8536208679124,
            466.4881652716193,
            357.00138770660016,
            281.68771666010997,
            252.14703354089383,
            232.73200103362907,
            0,
            46.17605653446182,
            -106.68836143247233,
            -85.2890270908894,
            14.364873175208974,
            -9.738755161197444,
            -22.504322677443696,
            -121.22564517403504,
            -191.0426239861419,
            -164.92171922736628,
            -221.82108966656324,
            -91.11903023457981,
            0,
            0,
            0,
            0,
            0
        ],
        [
            -136.41907675131694,
            -202.80210664140904,
            -201.52458022568518,
            -309.56651767769625,
            -351.153401022305,
            -496.51253553449345,
            -558.68541026741,
            -576.7205321179696,
            -651.3523439006699,
            -694.0128013394896,
            -636.23674533515,
            -567.9377815226433,
            -222.81478443880164,
            164.84951481769818,
            377.95191012487294,
            813.5666784713362,
            788.4755791280526,
            637.901400122062,
            548.3678851950012,
            428.4913946003154,
            316.8228073255219,
            239.91825500675336,
            209.07550699965722,
            188.35729376301674,
            -46.17605653446182,
            0,
            -152.2066251292868,
            -129.76980798870903,
            -29.872708246758446,
            -51.880708320393616,
            -61.794980016452776,
            -152.047982762243,
            -208.88574572027238,
            -170.04264542944867,
            -176.2898850263595,
            0,
            0,
            0,
            0,
            0,
            0
        ],
        [
            -180.3754566828404,
            -176.80037473484168,
            -156.1476712708485,
            -253.6392653407274,
            -284.094632381561,
            -421.8785788615853,
            -475.15358158143465,
            -484.11762924289036,
            -551.30712343505,
            -586.4646386788298,
            -522.1100641253486,
            -449.28073667798816,
            -96.36444182070393,
            298.9332632034041,
            516.9700560625395,
            959.3149581416077,
            935.6693818770033,
            785.2985686485721,
            696.5039011634174,
            577.1175704035951,
            466.00839771608014,
            389.84071766866305,
            360.249820136085,
            340.5327207843246,
            106.68836143247233,
            152.2066251292868,
            0,
            19.75450556374841,
            113.24098528874194,
            85.43354412510502,
            67.374135285065,
            -27.304673949593816,
            -88.22514911014729,
            -62.47741176848175,
            0,
            0,
            0,
            0,
            0,
            0,
            0
        ],
        [
            -218.39872335692465,
            -190.56103777198558,
            -168.22909441367312,
            -268.5475714986481,
            -300.0611001355898,
            -440.7522637695856,
            -495.18846004190624,
            -504.58518279361675,
            -572.8523102557967,
            -608.5041624795025,
            -543.5640014130767,
            -470.1392275041949,
            -114.57527916500726,
            283.1234606276475,
            501.8649761349521,
            945.6881501700366,
            920.7594347848491,
            768.7201025076329,
            678.6712254194932,
            558.1664022223772,
            446.19277222251475,
            369.37216162094626,
            338.875228364187,
            317.98513570756586,
            85.2890270908894,
            129.76980798870903,
            -19.75450556374841,
            0,
            90.41653862606293,
            63.59097655496837,
            46.547605830446784,
            -37.44817017744026,
            -79.95428448165642,
            -26.932564293353703,
            0,
            0,
            0,
            0,
            0,
            0,
            0
        ],
        [
            -256.7373030537159,
            -224.6232723049279,
            -208.93413112240137,
            -317.921662151935,
            -356.082927386766,
            -504.12427459334816,
            -564.213601628635,
            -578.3621128347932,
            -651.3436883813823,
            -690.9150984587778,
            -628.181023082186,
            -556.0656643878036,
            -201.17130908893546,
            195.4203040490882,
            412.3601172955767,
            853.9335846016387,
            826.6696774786259,
            672.7595772779803,
            581.0239386122358,
            459.29428557277305,
            346.4528536188351,
            268.90766275720466,
            237.10437261092923,
            214.87486767324484,
            -14.364873175208974,
            29.872708246758446,
            -113.24098528874195,
            -90.41653862606293,
            0,
            -19.38135228192204,
            -26.675572464711276,
            -82.89935315826348,
            -67.60338060291414,
            0,
            0,
            0,
            0,
            0,
            0,
            0,
            0
        ],
        [
            -268.261014866207,
            -221.94127432010296,
            -202.17696186223867,
            -309.5333060788802,
            -345.55243363102556,
            -492.21762745212163,
            -550.3440640797752,
            -562.3863433478562,
            -633.373874381004,
            -670.801586133311,
            -606.5535027329116,
            -533.601056478816,
            -179.02301217000934,
            216.35540277191853,
            432.2400371513954,
            870.6914755481312,
            842.9208316428857,
            689.6416441683203,
            598.1805259001936,
            477.2566500985213,
            365.3847777921852,
            288.55060254776396,
            256.6119923259338,
            233.69587112389698,
            9.738755161197444,
            51.880708320393616,
            -85.433544125105,
            -63.59097655496837,
            19.38135228192204,
            0,
            -7.883765868855801,
            -39.783811966560684,
            0,
            0,
            0,
            0,
            0,
            0,
            0,
            0,
            0
        ],
        [
            -272.0832795600843,
            -219.33012949992542,
            -197.43329116478358,
            -303.4888857636069,
            -338.08585337511965,
            -483.26644334297345,
            -539.798519081429,
            -550.2845364820488,
            -619.3810663299402,
            -654.8782465796589,
            -589.7949246808165,
            -516.6363835972957,
            -164.84840911286005,
            226.4817699129465,
            439.58598747650416,
            871.535125913312,
            843.0817412509377,
            691.2037882489751,
            600.3733948000008,
            480.8957062580911,
            370.63020913367376,
            294.9108986266601,
            262.75808363293356,
            238.88987031539511,
            22.504322677443696,
            61.794980016452776,
            -67.374135285065,
            -46.547605830446784,
            26.675572464711276,
            7.883765868855801,
            0,
            0,
            0,
            0,
            0,
            0,
            0,
            0,
            0,
            0,
            0
        ],
        [
            -250.71569391988658,
            -184.58835776878385,
            -152.23110834390872,
            -248.53058101175876,
            -274.673308339542,
            -411.1679426866576,
            -460.0557009031455,
            -463.709564675817,
            -525.6952653272623,
            -554.7193796743038,
            -486.3520208033404,
            -411.7435676840269,
            -63.74049349404323,
            321.96275190132206,
            531.7836982932631,
            954.6538464220307,
            926.3974609580105,
            777.6931945023807,
            688.5922432431662,
            571.7779170592278,
            464.1115170169172,
            389.99253596989837,
            357.0618919270954,
            330.26286176512764,
            121.22564517403504,
            152.047982762243,
            27.30467394959381,
            37.44817017744026,
            82.89935315826348,
            39.783811966560684,
            0,
            0,
            0,
            0,
            0,
            0,
            0,
            0,
            0,
            0,
            0
        ],
        [
            -222.71311082123768,
            -151.8556151003984,
            -111.47153979764995,
            -198.59965412811547,
            -217.40330142525838,
            -345.3458408443514,
            -387.34781015326496,
            -385.19495640175745,
            -440.57856630573644,
            -463.8237492885008,
            -393.39422098539524,
            -318.405829221553,
            22.327092589606156,
            398.38806801413654,
            602.2960469852877,
            1011.2049525566546,
            982.4356275649383,
            837.4263358391006,
            749.9882061923704,
            636.1222466736845,
            531.2995719266214,
            458.65579933763127,
            423.6576294769295,
            391.60334096420223,
            191.0426239861419,
            208.88574572027238,
            88.22514911014726,
            79.95428448165642,
            67.60338060291414,
            0,
            0,
            0,
            0,
            0,
            0,
            0,
            0,
            0,
            0,
            0,
            0
        ],
        [
            -199.18746835288735,
