{
    "bin_ranges": {
        "m3pi_lower_limit": 1.74,
        "m3pi_upper_limit": 1.78,
        "t_lower_limit": 0.326,
        "t_upper_limit": 1
    },
    "info": "The dalitz matrix M is computed as sqrt(-Kibble) * (A[1]-A[2])",
    "bin_centers": [
        0.29900000000000004,
        0.33999999999999997,
        0.38,
        0.42000000000000004,
        0.45999999999999996,
        0.5,
        0.54,
        0.5800000000000001,
        0.62,
        0.66,
        0.69,
        0.71,
        0.73,
        0.75,
        0.77,
        0.79,
        0.81,
        0.83,
        0.85,
        0.87,
        0.89,
        0.91,
        0.94,
        0.98,
        1.02,
        1.06,
        1.1,
        1.1400000000000001,
        1.18,
        1.22,
        1.26,
        1.3,
        1.34,
        1.38,
        1.42,
        1.46,
        1.5,
        1.54,
        1.58,
        1.62
    ],
    "real(M)": [
        [
            0,
            0,
            0,
            0,
            0,
            0,
            0,
            0,
            0,
            0,
            0,
            0,
            0,
            0,
            0,
            0,
            0,
            0,
            0,
            0,
            0,
            0,
            0,
            0,
            16.963822275416685,
            17.986076860859338,
            35.2482486495823,
            25.63464134494526,
            21.90408590057454,
            29.187022688195817,
            14.70582216919988,
            20.0618676435117,
            9.477634493741279,
            9.761382585612274,
            -6.208704106991172,
            0,
            0,
            0,
            0,
            0
        ],
        [
            0,
            0,
            0,
            0,
            0,
            0,
            0,
            0,
            0,
            0,
            0,
            0,
            0,
            0,
            0,
            0,
            0,
            35.88455487398856,
            70.79742678875463,
            106.39339411233995,
            92.24725550293971,
            84.56383380105986,
            64.47925009960774,
            59.167932729520295,
            67.91680466076104,
            38.75901089775849,
            67.84724582250522,
            42.03193466043853,
            32.422803676807376,
            44.71396004035315,
            18.241051554259265,
            29.054901997762432,
            10.678117477681702,
            14.709769865642736,
            -30.503682598494517,
            -21.67540170625773,
            32.539138357766284,
            0,
            0,
            0
        ],
        [
            0,
            0,
            0,
            0,
            0,
            0,
            0,
            0,
            0,
            0,
            0,
            0,
            39.51359818538959,
            131.97371192264495,
            195.77586294350888,
            246.53235495835025,
            296.12188942411285,
            321.76728385467527,
            324.9815088382091,
            372.07791904723865,
            329.9867495942186,
            312.531022306018,
            281.60503196204957,
            280.62156308717243,
            300.66921454881356,
            267.0257095994248,
            312.7811199993734,
            282.56252931721895,
            272.8982021633569,
            290.4108376653818,
            254.7094312223616,
            265.86329662880706,
            235.5949654850699,
            231.88975353604462,
            155.6523928877483,
            147.16865160327688,
            210.12951220922045,
            186.21683766189452,
            7.309026208571048,
            0
        ],
        [
            0,
            0,
            0,
            0,
            0,
            0,
            0,
            0,
            0,
            -25.86882389429768,
            -10.147801160963404,
            -29.23651227660478,
            103.8314586992458,
            252.3769882593817,
            322.7804480748012,
            372.8650671626176,
            423.4628586175413,
            441.1055251030406,
            430.52877400889895,
            482.60548891205343,
            416.3810067954642,
            386.0334430650235,
            337.829517391943,
            328.75882336990117,
            347.84322201470354,
            301.87051098180365,
            354.49874605138655,
            315.21654453729394,
            301.8901788866828,
            322.1057578283048,
            278.92963604304185,
            292.98699097731577,
            257.9714340354115,
            256.0735362970549,
            166.7246193585178,
            161.53253297540004,
            252.63015043936127,
            250.31946136581976,
            82.00070701992254,
            0
        ],
        [
            0,
            0,
            0,
            0,
            0,
            0,
            0,
            0,
            -6.9486891974433584,
            -54.10767772133365,
            -14.323819605604498,
            -40.93502565278909,
            147.07585805345423,
            341.56153597855206,
            424.5889729492469,
            480.07099708577493,
            536.0487389920767,
            550.9673452356608,
            532.041095528716,
            590.6627917103938,
            506.1643017444946,
            466.46926807527046,
            405.35649346887055,
            391.25803769645324,
            411.0790250624945,
            355.443345672313,
            415.09212278068867,
            368.39229213887967,
            352.16501000000375,
            374.8556749586275,
            324.8112068221344,
            340.86403225213627,
            300.724183489381,
            298.9850003174209,
            196.49331143402702,
            191.51924825982275,
            301.25178550560406,
            307.095218995101,
            114.05885016084537,
            0
        ],
        [
            0,
            0,
            0,
            0,
            0,
            0,
            19.82152694651212,
            13.17799635459105,
            27.898287550137546,
            -25.979049653934215,
            34.23711414443103,
            4.660858902233977,
            239.94297334889578,
            476.21739844182156,
            573.880511914492,
            637.7001864532202,
            701.7562170260115,
            717.450164450661,
            694.0449023753575,
            761.0809095535611,
            662.7368610758128,
            616.8634680721071,
            547.0770631653419,
            531.7932661182876,
            555.0971190007996,
            492.9608382842459,
            560.7461496698218,
            508.481756389724,
            490.2147010504063,
            515.1088797279216,
            458.1038049634024,
            474.4195570535828,
            427.2590837119885,
            422.16217259095566,
            303.4667302371515,
            292.42153356097396,
            408.8258497202027,
            407.86076196316003,
            176.8861778892193,
            0
        ],
        [
            0,
            0,
            0,
            0,
            0,
            -19.82152694651212,
            0,
            -51.64592707942996,
            -50.1999935551296,
            -130.5216668890889,
            -67.23738600400381,
            -107.95011149099315,
            160.4662874711851,
            426.24211860454295,
            530.124302118834,
            594.9324597434271,
            660.0582144800289,
            670.5163632621783,
            637.346497468544,
            706.5791381959855,
            590.3935781841163,
            533.8930504522928,
            449.16870480046373,
            424.4288590808825,
            443.7216398271623,
            369.5889502008278,
            440.1382451203745,
            379.3941475418839,
            357.37623878071093,
            384.01329170735056,
            322.16726087334524,
            342.1970880236127,
            294.4374429511088,
            294.6353921003449,
            173.1403255301154,
            172.0577928653663,
            313.4820041061425,
            332.22513596486,
            110.65164851619205,
            0
        ],
        [
            0,
            0,
            0,
            0,
            0,
            -13.17799635459105,
            51.64592707942996,
            0,
            14.979894683014932,
            -66.96071515145749,
            13.440101933022728,
            -28.166371642147656,
            278.7867455524348,
            579.7510058103809,
            697.4589298049572,
            770.9665592220008,
            844.4996911208607,
            857.2122379534438,
            821.7525652718125,
            899.3586097288196,
            772.6971242349116,
            712.0210650422626,
            621.3064114390634,
            597.0683039488578,
            620.5269904518246,
            541.7342776350574,
            619.7756422306935,
            554.5278941046507,
            530.6503083045491,
            558.5738153297483,
            489.92536448947936,
            508.58624748241556,
            452.922091610731,
            447.36960958176695,
            309.5030732335213,
            298.5278881030667,
            435.62466904953885,
            435.38600499577444,
            173.714151755359,
            0
        ],
        [
            0,
            0,
            0,
            0,
            6.9486891974433584,
            -27.898287550137546,
            50.1999935551296,
            -14.979894683014932,
            0,
            -93.91607067036408,
            -5.23360303647967,
            -52.173158095350225,
            285.7787274554665,
            615.0587535269771,
            741.7055283865984,
            819.6087704251547,
            897.4308325110783,
            908.888052206228,
            868.0989019452464,
            950.4091263917595,
            811.0954931135099,
            743.7577001958836,
            643.5823713959215,
            615.1622366875151,
            638.4884014869814,
            552.0669122172517,
            634.4464823906126,
            563.2361894406098,
            536.6838332850365,
            565.7071946888717,
            491.8190889045614,
            511.24987714171425,
            451.78792547960865,
            445.757412773279,
            300.15524940236065,
            288.9814153841245,
            431.5627715971365,
            426.8648686793135,
            154.5045161464348,
            0
        ],
        [
            0,
            0,
            0,
            25.86882389429768,
            54.10767772133365,
            25.979049653934215,
            130.5216668890889,
            66.96071515145749,
            93.91607067036408,
            0,
            103.86929878808168,
            56.84060274909842,
            428.057023412102,
            788.03849841949,
            927.3126363186645,
            1013.4522500900603,
            1099.2256246455916,
            1113.2956738811356,
            1071.1401505043511,
            1161.2185480093679,
            1013.3471882052314,
            942.8297847680735,
            838.022100882262,
            810.5710461179794,
            837.7905460350862,
            747.4590589623431,
            836.0148839343419,
            760.4930462277683,
            731.5396130935825,
            760.3312504224998,
            679.1338079299182,
            695.017508491839,
            626.1774035343919,
            611.4211233160822,
            448.6246107120696,
            422.8918112816742,
            548.3509503792552,
            508.4224151413706,
            182.97765209475764,
            0
        ],
        [
            0,
            0,
            0,
            10.147801160963404,
            14.323819605604498,
            -34.23711414443103,
            67.23738600400381,
            -13.440101933022728,
            5.23360303647967,
            -103.86929878808168,
            0,
            -53.81675689491881,
            334.26391330666695,
            709.6048408582452,
            851.8136386415314,
            938.0473409727074,
            1023.9532361406152,
            1034.640377388948,
            986.5429013521756,
            1077.3387384327825,
            918.9598013699283,
            841.9657261783855,
            728.0264774928822,
            694.3462125378644,
            718.4943423810906,
            620.8448307710829,
            710.3570801075915,
            629.9131240635191,
            598.8726836616952,
            628.6960062772971,
            545.6057008819557,
            564.1721334838641,
            496.5804805293009,
            486.23958782224116,
            326.22122814929173,
            308.9429281424673,
            444.85441663853555,
            411.16138155483105,
            101.7762792512491,
            0
        ],
        [
            0,
            0,
            0,
            29.23651227660478,
            40.93502565278909,
            -4.660858902233977,
            107.95011149099315,
            28.166371642147656,
            52.17315809535043,
            -56.84060274909842,
            53.81675689491881,
            0,
            402.941763596912,
            792.032002482899,
            939.9319125911147,
            1029.8885981356239,
            1119.3796343699246,
            1131.254548999237,
            1082.5560128004718,
            1176.8173217940619,
            1014.6101229639191,
            936.1818556532143,
            820.1444449158844,
            786.8161572868376,
            812.5609689355368,
            713.0351882505605,
            805.004042149697,
            722.4005796624608,
            689.9489865384797,
            719.1423194864574,
            632.3657563982441,
            648.5601091253731,
            576.0737441814791,
            560.673962152965,
            392.42263958292926,
            366.76303025824905,
            489.3349339123291,
            430.3557580593077,
            67.01316743607333,
            0
        ],
        [
            0,
            0,
            -39.51359818538959,
            -103.8314586992458,
            -147.07585805345423,
            -239.94297334889578,
            -160.4662874711851,
            -278.7867455524348,
            -285.7787274554661,
            -428.057023412102,
            -334.26391330666695,
            -402.94176359691147,
            0,
            388.58113824218424,
            528.7717762694264,
            609.674211070201,
            690.5274292826801,
            692.0125028345827,
            631.765412082831,
            718.9535388518929,
            543.2496056191655,
            454.21866955469363,
            323.4771328968834,
            275.79199120529927,
            291.063732816,
            180.6515939272071,
            268.97884549277006,
            181.7815531797574,
            149.2162647870371,
            183.21146293609593,
            103.14227662711438,
            132.65926036454698,
            77.56527872344914,
            86.99694968224304,
            -49.43776735479202,
            -30.950987936178294,
            148.5468146000191,
            167.92504250841483,
            0,
            0
        ],
        [
            0,
            0,
            -131.97371192264495,
            -252.3769882593817,
            -341.56153597855206,
            -476.21739844182156,
            -426.24211860454295,
            -579.7510058103809,
            -615.0587535269771,
            -788.03849841949,
            -709.6048408582452,
            -792.032002482899,
            -388.58113824218424,
            0,
            133.25296132236917,
            205.9091965517192,
            278.9021339167407,
            270.83349765391176,
            199.9132984334672,
            280.7140307148596,
            92.46329747110433,
            -6.339468794660513,
            -150.58262674377022,
            -211.23440184344614,
            -205.19675873957684,
            -325.1781098700733,
            -239.4892021833184,
            -330.1135215229724,
            -361.7467755073022,
            -322.04849997072466,
            -394.34607119049366,
            -350.6297209115537,
            -387.22744473579235,
            -351.858950494681,
            -454.5483775270888,
            -389.66658097033655,
            -150.3686757295448,
            -43.31718307573498,
            0,
            0
        ],
        [
            0,
            0,
            -195.77586294350888,
            -322.7804480748012,
            -424.5889729492469,
            -573.880511914492,
            -530.124302118834,
            -697.4589298049572,
            -741.7055283866003,
            -927.3126363186645,
            -851.8136386415314,
            -939.9319125911147,
            -528.7717762694267,
            -133.25296132236917,
            0,
            71.12287849505415,
            142.67439444013118,
            131.26286738737167,
            55.64887294903321,
            135.573732674008,
            -59.72863332719486,
            -163.21843657201805,
            -313.9426726750948,
            -379.51760334598475,
            -376.1659103048273,
            -500.536260074549,
            -414.20333127749996,
            -506.5344787998323,
            -537.5577992953181,
            -494.77828186574726,
            -564.2005008276207,
            -514.2027902284515,
            -543.3280645212894,
            -497.12498366758405,
            -585.4948179150056,
            -500.3943119784337,
            -237.73256836270576,
            -93.43305884449273,
            0,
            0
        ],
        [
            0,
            0,
            -246.53235495835025,
            -372.8650671626176,
            -480.07099708577493,
            -637.7001864532202,
            -594.9324597434271,
            -770.9665592220008,
            -819.608770425156,
            -1013.4522500900603,
            -938.0473409727074,
            -1029.8885981356239,
            -609.6742110702013,
            -205.90919655171936,
            -71.12287849505415,
            0,
            71.57440598955839,
            58.30330080536112,
            -20.523121386035022,
            59.769345782717814,
            -141.11749761628914,
            -247.99782703949762,
            -403.4006219539667,
            -471.9130945406631,
            -469.66827386902594,
            -597.0429964620072,
            -509.32185809777536,
            -602.7909791598447,
            -633.1601056221571,
            -587.8668921864057,
            -655.3388819913689,
            -600.828299080575,
            -624.7866092187178,
            -571.0625700790441,
            -648.8516060526597,
            -548.9086071649338,
            -271.07621333067135,
            -95.83693036411142,
            0,
            0
        ],
        [
            0,
            0,
            -296.12188942411285,
            -423.4628586175413,
            -536.0487389920767,
            -701.7562170260115,
            -660.0582144800289,
            -844.4996911208607,
            -897.4308325110771,
            -1099.2256246455916,
            -1023.9532361406152,
            -1119.3796343699246,
            -690.5274292826812,
            -278.9021339167404,
            -142.67439444013118,
            -71.57440598955839,
            0,
            -15.063604726955221,
            -96.96522353881458,
            -16.336242273161268,
            -222.53595636086735,
            -332.6317991672354,
            -492.4465327288312,
            -563.6769948693391,
            -562.382346294113,
            -692.4221126047988,
            -603.217533541373,
            -697.4531900878634,
            -726.8323531782934,
            -678.7557541240079,
            -743.7303242612753,
            -684.2885275525142,
            -702.3275013861706,
            -640.2906989935644,
            -705.7080965859916,
            -588.8330148844362,
            -293.3778638634551,
            -61.96124513907675,
            0,
            0
        ],
        [
            0,
            -35.88455487398856,
            -321.76728385467527,
            -441.1055251030406,
            -550.9673452356608,
            -717.450164450661,
            -670.5163632621783,
            -857.2122379534438,
            -908.888052206228,
            -1113.2956738811356,
            -1034.6403773889474,
            -1131.254548999237,
            -692.0125028345833,
            -270.83349765391176,
            -131.26286738737167,
            -58.30330080536112,
            15.063604726955212,
            0,
            -83.20598556048402,
            -0.7366998345780674,
            -210.5343259362217,
            -322.3298857293778,
            -484.4742928022559,
            -556.1707961444841,
            -554.1108921350806,
            -685.424091306744,
            -594.1579676035315,
            -688.9157172578064,
            -717.7894731170654,
            -668.2662668379038,
            -732.6888629407323,
            -671.4517174968543,
            -687.6238745423316,
            -622.8743108321862,
            -682.530229823965,
            -558.0060957247127,
            -258.92804270845863,
            0,
            0,
            0
        ],
        [
            0,
            -70.79742678875463,
            -324.9815088382091,
            -430.52877400889895,
            -532.041095528716,
            -694.0449023753575,
            -637.346497468544,
            -821.7525652718125,
            -868.0989019452486,
            -1071.1401505043516,
            -986.5429013521756,
            -1082.5560128004718,
            -631.765412082831,
            -199.91329843346733,
            -55.64887294903321,
            20.523121386035022,
            96.96522353881458,
            83.20598556048398,
            0,
            85.36317964336355,
            -126.7397544515709,
            -239.1230964425817,
            -402.0808592981003,
            -472.6742757652088,
            -468.7290045694234,
            -600.418567026757,
            -506.9170413203305,
            -602.2395960996694,
            -631.2677833329307,
            -581.692787832311,
            -647.4230352062917,
            -587.3120288205425,
            -605.2924495288252,
            -542.915325178785,
            -602.6945142882967,
            -479.02704605999185,
            -190.0368336440515,
            0,
            0,
            0
        ],
        [
            0,
            -106.39339411233995,
            -372.07791904723865,
            -482.60548891205343,
            -590.6627917103938,
            -761.0809095535611,
            -706.5791381959855,
            -899.3586097288196,
            -950.4091263917595,
            -1161.2185480093679,
            -1077.3387384327825,
            -1176.8173217940614,
            -718.9535388518929,
            -280.7140307148596,
            -135.57373267400794,
            -59.769345782717814,
            16.336242273161268,
            0.7366998345780674,
            -85.36317964336355,
            0,
            -216.79212344424243,
            -332.0597771320499,
            -498.8999557199329,
            -571.9020483674263,
            -568.7621662115272,
            -702.3493802225605,
            -607.3460795098482,
            -702.4844977383881,
            -729.6448738032702,
            -676.5838472687254,
            -738.146714202498,
            -671.8106358505096,
            -681.3744589050068,
            -607.9408342286774,
            -648.7136956469487,
            -499.1565075386028,
            -174.43364972954694,
            0,
            0,
            0
        ],
        [
            0,
            -92.24725550293971,
            -329.9867495942186,
            -416.3810067954642,
            -506.1643017444946,
            -662.7368610758128,
            -590.3935781841163,
            -772.6971242349116,
            -811.0954931135099,
            -1013.3471882052314,
            -918.9598013699283,
            -1014.6101229639187,
            -543.2496056191655,
            -92.46329747110433,
            59.72863332719489,
            141.11749761628914,
            222.53595636086723,
            210.5343259362217,
            126.7397544515709,
            216.79212344424243,
            0,
            -113.9141606829017,
            -278.94869411622705,
            -348.2597470566347,
            -341.53920366269875,
            -474.2226186129995,
            -377.17945436202643,
            -473.4778562941857,
            -502.64184610208235,
            -452.89307758004435,
            -520.0637510032569,
            -461.4077218685134,
            -480.93991649621734,
            -421.17910496779274,
            -475.17139778593946,
            -345.7304000875747,
            -56.20089842162635,
            0,
            0,
            0
        ],
        [
            0,
            -84.56383380105981,
            -312.531022306018,
            -386.0334430650235,
            -466.46926807527046,
            -616.8634680721071,
            -533.8930504522928,
            -712.0210650422631,
            -743.7577001958829,
            -942.8297847680735,
            -841.9657261783849,
            -936.1818556532143,
            -454.21866955469363,
            6.339468794660513,
            163.21843657201805,
            247.99782703949762,
            332.6317991672354,
            322.3298857293778,
            239.1230964425817,
            332.0597771320499,
            113.9141606829017,
            0,
            -165.0412609833589,
            -232.82137803317184,
            -224.25224639689299,
            -357.00191260269236,
            -258.5941227936036,
            -355.74019721721163,
            -385.91747031320256,
            -337.7690583071415,
            -407.55397794295743,
            -352.6937127836991,
            -376.5818672415021,
            -323.2769623049447,
            -379.4971350316396,
            -254.7459985720818,
            0,
            0,
            0,
            0
        ],
        [
            0,
            -64.47925009960774,
            -281.6050319620496,
            -337.829517391943,
            -405.35649346887055,
            -547.0770631653419,
            -449.1687048004631,
            -621.3064114390639,
            -643.5823713959215,
            -838.022100882262,
            -728.0264774928817,
            -820.1444449158839,
            -323.4771328968835,
            150.58262674377022,
            313.9426726750948,
            403.4006219539667,
            492.4465327288313,
            484.4742928022559,
            402.0808592981003,
            498.8999557199329,
            278.94869411622705,
            165.0412609833589,
            0,
            -65.81045394192247,
            -54.9942439358429,
            -188.00500308343322,
            -88.38678132603904,
            -187.0849599846656,
            -219.2968146830698,
            -174.44176915649945,
            -248.59005020871035,
            -200.6278811905571,
            -231.9142611698709,
            -190.07579122907336,
            -249.2932998371406,
            -129.48370641892905,
            0,
            0,
            0,
            0
        ],
        [
            0,
            -59.1679327295203,
            -280.62156308717243,
            -328.75882336990117,
            -391.25803769645245,
            -531.7932661182876,
            -424.4288590808821,
            -597.0683039488583,
            -615.1622366875151,
            -810.5710461179794,
            -694.346212537864,
            -786.816157286837,
            -275.79199120529927,
            211.23440184344614,
            379.51760334598475,
            471.9130945406631,
            563.6769948693391,
            556.1707961444841,
            472.6742757652089,
            571.9020483674263,
            348.2597470566347,
            232.82137803317184,
            65.81045394192247,
            0,
            11.625573677258846,
            -122.2656657978109,
            -21.889115532879728,
            -121.2216292887388,
            -153.83969632724896,
            -110.27497271458768,
            -184.30836157360042,
            -138.8500793477786,
            -169.4364938651659,
            -129.79346698053763,
            -165.25877969793663,
            0,
            0,
            0,
            0,
            0
        ],
        [
            -16.963822275416685,
            -67.91680466076104,
            -300.66921454881356,
            -347.84322201470354,
            -411.07902506249405,
            -555.0971190007996,
            -443.721639827162,
            -620.5269904518241,
            -638.4884014869809,
            -837.7905460350862,
            -718.494342381091,
            -812.5609689355368,
            -291.06373281600014,
            205.19675873957684,
            376.1659103048273,
            469.66827386902594,
            562.3823462941127,
            554.1108921350806,
            468.7290045694233,
            568.7621662115272,
            341.53920366269875,
            224.25224639689299,
            54.9942439358429,
            -11.625573677258846,
            0,
            -134.10464864711494,
            -33.369524113981356,
            -131.56186598726794,
            -162.50858009101333,
            -118.06818327479048,
            -187.1522275325024,
            -139.58427119123013,
            -160.82108487837354,
            -112.09402474507354,
            -64.39247532780564,
            0,
            0,
            0,
            0,
            0
        ],
        [
            -17.986076860859338,
            -38.75901089775878,
            -267.0257095994248,
            -301.87051098180365,
            -355.44334567231243,
            -492.9608382842459,
            -369.5889502008278,
            -541.734277635058,
            -552.0669122172513,
            -747.4590589623431,
            -620.8448307710826,
            -713.0351882505602,
            -180.6515939272071,
            325.1781098700733,
            500.536260074549,
            597.042996462007,
            692.4221126047986,
            685.424091306744,
            600.418567026757,
            702.3493802225605,
            474.2226186129995,
            357.00191260269236,
            188.00500308343322,
            122.2656657978109,
            134.10464864711494,
            0,
            98.23568683980619,
            -1.36028248971062,
            -35.34666333945576,
            2.292682304114153,
            -70.14795009654324,
            -34.18694426739047,
            -61.9290593465064,
            -28.67570685313985,
            0,
            0,
            0,
            0,
            0,
            0
        ],
        [
            -35.2482486495823,
            -67.84724582250522,
            -312.78111999937346,
            -354.49874605138655,
            -415.092122780688,
            -560.7461496698218,
            -440.138245120375,
            -619.7756422306935,
            -634.4464823906129,
            -836.0148839343419,
            -710.3570801075911,
            -805.0040421496968,
            -268.9788454927702,
            239.4892021833184,
            414.2033312774999,
            509.32185809777536,
            603.217533541373,
            594.1579676035315,
            506.91704132033055,
            607.3460795098482,
            377.17945436202643,
            258.5941227936036,
            88.38678132603904,
            21.889115532879728,
            33.369524113981356,
            -98.23568683980619,
            0,
            -94.0543988394726,
            -121.77324121655572,
            -79.15643423453703,
            -135.9865021746339,
            -88.34885412263804,
            -81.43252576280643,
            0,
            0,
            0,
            0,
            0,
            0,
            0
        ],
        [
            -25.634641344945237,
            -42.03193466043876,
            -282.5625293172189,
            -315.21654453729394,
            -368.39229213887967,
            -508.481756389724,
            -379.3941475418839,
            -554.5278941046507,
            -563.2361894406095,
            -760.4930462277683,
            -629.9131240635191,
            -722.4005796624607,
            -181.78155317975745,
            330.1135215229724,
            506.5344787998322,
            602.7909791598447,
            697.4531900878634,
            688.9157172578064,
            602.2395960996694,
            702.4844977383881,
            473.4778562941857,
            355.74019721721163,
            187.0849599846656,
            121.2216292887388,
            131.56186598726794,
            1.36028248971062,
            94.0543988394726,
            0,
            -30.48610240415262,
            3.0045221341461974,
            -53.802262325210954,
            -20.688555192857173,
            0,
            0,
            0,
            0,
            0,
            0,
            0,
            0
        ],
        [
            -21.90408590057453,
            -32.42280367680737,
            -272.8982021633569,
            -301.8901788866828,
            -352.1650100000033,
            -490.2147010504063,
            -357.3762387807107,
            -530.6503083045495,
            -536.6838332850365,
            -731.5396130935825,
            -598.8726836616952,
            -689.9489865384796,
            -149.21626478703712,
            361.7467755073022,
            537.5577992953181,
            633.1601056221568,
            726.8323531782931,
            717.7894731170654,
            631.2677833329305,
            729.6448738032702,
            502.64184610208235,
            385.91747031320256,
            219.2968146830698,
            153.83969632724896,
            162.50858009101333,
            35.34666333945576,
            121.77324121655572,
            30.48610240415262,
            0,
            25.96298844919324,
            -22.960542843640944,
            0,
            0,
            0,
            0,
            0,
            0,
            0,
            0,
            0
        ],
        [
            -29.1870226881958,
            -44.71396004035316,
            -290.4108376653818,
            -322.1057578283048,
            -374.855674958627,
            -515.1088797279216,
            -384.0132917073502,
            -558.5738153297488,
            -565.7071946888715,
            -760.3312504224998,
            -628.696006277297,
            -719.1423194864572,
            -183.211462936096,
            322.04849997072466,
            494.7782818657472,
            587.8668921864057,
            678.7557541240077,
            668.2662668379038,
            581.692787832311,
            676.5838472687254,
            452.89307758004435,
            337.7690583071415,
            174.44176915649945,
            110.27497271458768,
            118.06818327479048,
            -2.292682304114153,
            79.15643423453703,
            -3.0045221341461974,
            -25.96298844919324,
            0,
            -6.0678323630586055,
            0,
            0,
            0,
            0,
            0,
            0,
            0,
            0,
            0
        ],
        [
            -14.70582216919989,
            -18.241051554259315,
            -254.70943122236156,
            -278.9296360430419,
            -324.8112068221341,
            -458.1038049634024,
            -322.16726087334524,
            -489.9253644894795,
            -491.8190889045614,
            -679.1338079299182,
            -545.6057008819556,
            -632.3657563982439,
            -103.1422766271144,
            394.34607119049366,
            564.2005008276207,
            655.3388819913688,
            743.7303242612753,
            732.6888629407322,
            647.4230352062916,
            738.146714202498,
            520.0637510032569,
            407.55397794295743,
            248.59005020871035,
            184.30836157360042,
            187.1522275325024,
            70.14795009654324,
            135.9865021746339,
            53.802262325210954,
            22.960542843640944,
            6.0678323630586055,
            0,
            0,
            0,
            0,
            0,
            0,
            0,
            0,
            0,
            0
        ],
        [
            -20.0618676435117,
            -29.054901997762574,
            -265.86329662880706,
            -292.98699097731577,
            -340.86403225213604,
            -474.4195570535828,
            -342.1970880236127,
            -508.58624748241573,
            -511.2498771417143,
            -695.017508491839,
            -564.1721334838641,
            -648.560109125373,
            -132.65926036454695,
            350.6297209115537,
            514.2027902284514,
            600.8282990805749,
            684.2885275525142,
            671.4517174968543,
            587.3120288205427,
            671.8106358505096,
            461.4077218685134,
            352.6937127836991,
            200.6278811905571,
            138.8500793477786,
            139.58427119123013,
            34.18694426739048,
            88.34885412263804,
            20.68855519285717,
            0,
            0,
            0,
            0,
            0,
            0,
            0,
            0,
            0,
            0,
            0,
            0
        ],
        [
            -9.477634493741279,
            -10.678117477681711,
            -235.59496548506993,
            -257.9714340354115,
            -300.7241834893808,
            -427.25908371198847,
            -294.43744295110855,
            -452.922091610731,
            -451.7879254796086,
            -626.1774035343919,
            -496.5804805293009,
            -576.0737441814791,
            -77.56527872344914,
            387.22744473579235,
            543.3280645212894,
            624.7866092187178,
            702.3275013861706,
            687.6238745423316,
            605.292449528825,
            681.3744589050068,
            480.93991649621734,
            376.5818672415021,
            231.9142611698709,
            169.4364938651659,
            160.82108487837354,
            61.9290593465064,
            81.43252576280643,
            0,
            0,
            0,
            0,
            0,
            0,
            0,
            0,
            0,
            0,
            0,
            0,
            0
        ],
        [
            -9.761382585612246,
            -14.709769865642775,
            -231.88975353604462,
            -256.0735362970549,
            -298.98500031742066,
            -422.16217259095566,
            -294.6353921003448,
            -447.3696095817672,
            -445.7574127732788,
            -611.4211233160822,
            -486.23958782224116,
            -560.6739621529649,
            -86.99694968224304,
            351.858950494681,
            497.1249836675841,
            571.0625700790441,
            640.2906989935644,
            622.8743108321863,
            542.9153251787851,
            607.9408342286775,
            421.17910496779274,
            323.2769623049447,
            190.0757912290733,
            129.79346698053763,
            112.09402474507357,
            28.67570685313985,
            0,
            0,
            0,
            0,
            0,
            0,
            0,
            0,
            0,
            0,
            0,
            0,
            0,
            0
        ],
        [
            6.208704106991142,
