{
    "bin_ranges": {
        "m3pi_lower_limit": 1.42,
        "m3pi_upper_limit": 1.46,
        "t_lower_limit": 0.326,
        "t_upper_limit": 1
    },
    "info": "The dalitz matrix M is computed as sqrt(-Kibble) * (A[1]-A[2])",
    "bin_centers": [
        0.29900000000000004,
        0.33999999999999997,
        0.38,
        0.42000000000000004,
        0.45999999999999996,
        0.5,
        0.54,
        0.5800000000000001,
        0.62,
        0.66,
        0.69,
        0.71,
        0.73,
        0.75,
        0.77,
        0.79,
        0.81,
        0.83,
        0.85,
        0.87,
        0.89,
        0.91,
        0.94,
        0.98,
        1.02,
        1.06,
        1.1,
        1.1400000000000001,
        1.18,
        1.22,
        1.26,
        1.3
    ],
    "real(M)": [
        [
            0,
            0,
            0,
            0,
            0,
            0,
            0,
            0,
            0,
            0,
            0,
            0,
            0,
            0,
            0,
            0,
            0,
            -4.382757770519896,
            -5.538732125914577,
            -1.2229155402736556,
            -1.7234539780474292,
            -19.705108625474697,
            -18.575817741617843,
            -28.5418784860434,
            -37.93032826999698,
            -32.17762829922147,
            -34.81343883787819,
            -29.59523756718637,
            0,
            0,
            0,
            0
        ],
        [
            0,
            0,
            0,
            0,
            0,
            0,
            0,
            0,
            0,
            0,
            -36.327900756462405,
            -65.34092915492495,
            -69.12585998903262,
            -56.00326255793369,
            -48.1688718061273,
            -16.653913708510352,
            13.578193611790102,
            23.13623670477129,
            33.27694274306732,
            49.58335678656321,
            50.60133471493908,
            15.151806086435453,
            21.884037019515365,
            6.613790691145632,
            -9.64218539279568,
            -1.8282259970831025,
            -15.085923550249044,
            -26.981917089313214,
            -10.877211299331238,
            -10.731760428398326,
            0,
            0
        ],
        [
            0,
            0,
            0,
            0,
            0,
            0,
            0,
            0,
            -8.464080433746004,
            -27.350848699533064,
            -37.23190677265106,
            -55.3588633276126,
            -34.86745593848032,
            4.088499103945053,
            27.185185365481964,
            82.53422990380398,
            131.63896796525157,
            148.58571702339398,
            165.51276894812258,
            190.19059078536952,
            193.3355496618411,
            147.27479707265735,
            158.46903146191949,
            139.8872310564014,
            118.39118098127302,
            126.28278653731874,
            103.72741716526853,
            78.90692935009336,
            87.5743624932802,
            65.68471946333108,
            -0.8786551222968766,
            0
        ],
        [
            0,
            0,
            0,
            0,
            0,
            0,
            -10.797430072013773,
            -39.08225260650741,
            -50.38119004793517,
            -81.8920568556619,
            -96.87661271525712,
            -122.25502173731178,
            -95.68705893436598,
            -46.470014350709576,
            -19.03170507079695,
            48.532837050724844,
            107.141493556983,
            125.26794668136706,
            143.4670345731196,
            171.2609542609188,
            172.93598680049308,
            115.3705670969715,
            127.04986068955618,
            103.32069505113338,
            77.43892868251753,
            88.00852997252369,
            63.61422360115093,
            38.104216279240845,
            55.55486338887612,
            39.73436598110344,
            -32.74339845279342,
            0
        ],
        [
            0,
            0,
            0,
            0,
            0,
            -4.117887772552562,
            -11.783806044814808,
            -39.18937621267937,
            -44.120226359616716,
            -77.23955150535524,
            -91.13527951193691,
            -119.27536797164981,
            -84.7320014073828,
            -24.067582251550146,
            9.76025649722478,
            90.28655590676681,
            159.4244501891998,
            180.7320677982979,
            201.95773642943664,
            234.1408036844144,
            235.97857275045195,
            169.5900614281601,
            182.98135815207218,
            155.56427685030647,
            125.52581359474249,
            136.7199635574332,
            107.58598139817346,
            76.54255203793703,
            93.69089697247065,
            71.68593462637027,
            -20.063041606699397,
            0
        ],
        [
            0,
            0,
            0,
            0,
            4.117887772552562,
            0,
            -6.141808620367856,
            -37.277373575330635,
            -39.604857862816935,
            -75.84355109638147,
            -89.91117684546104,
            -121.09591229811193,
            -80.17871311221097,
            -9.967683739661057,
            29.06626764865863,
            120.67339984573343,
            198.8118858706993,
            222.649482138836,
            246.28882787784383,
            282.1116114482926,
            283.85292533216284,
            209.42257788158668,
            224.036802131346,
            193.05500443526486,
            159.17135426610884,
            170.7815473146854,
            137.577945300166,
            102.02471948575452,
            118.9777486632352,
            92.1565670860313,
            -11.624916600263523,
            0
        ],
        [
            0,
            0,
            0,
            10.797430072013773,
            11.783806044814808,
            6.141808620367856,
            0,
            -35.07069355603572,
            -35.858268970654294,
            -75.37351455232532,
            -89.95075780744835,
            -124.05349095732144,
            -77.64901614341906,
            0.9256249566841287,
            44.477230287575985,
            145.87552830241174,
            231.95243398647355,
            257.9356993628294,
            283.61160000376384,
            322.5566798704459,
            324.0766031099731,
            242.36200646040385,
            257.8675862033756,
            223.48345378222774,
            185.99254085072138,
            197.66153536872966,
            160.69070934276562,
            121.07423932528552,
            137.1314279640978,
            105.54332527857581,
            -5.404734021252512,
            0
        ],
        [
            0,
            0,
            0,
            39.08225260650741,
            39.18937621267937,
            37.277373575330635,
            35.07069355603572,
            0,
            3.585031213262012,
            -36.14918526121339,
            -49.363877859209175,
            -84.96196092660186,
            -32.590080164888974,
            54.460494038591314,
            102.95611760906904,
            213.93377997677158,
            307.8216958197722,
            336.32232596740755,
            364.30840216664393,
            406.4111715654792,
            407.9961225846506,
            320.00048296390713,
            336.2997991076737,
            298.4942534916003,
            256.8538296359926,
            266.74422827275305,
            223.9620207127036,
            177.29643613845235,
            186.7720990871448,
            143.11212051252787,
            18.368275983249692,
            0
        ],
        [
            0,
            0,
            8.464080433746004,
            50.38119004793517,
            44.120226359616716,
            39.604857862816935,
            35.858268970654294,
            -3.585031213262012,
            0,
            -43.38402609437582,
            -57.70165211491882,
            -96.06100734373966,
            -39.671158964762775,
            53.728141453814864,
            105.49819240171303,
            223.95604739122888,
            323.80870535437094,
            353.64522243673696,
            382.86477904927085,
            427.02365424702776,
            428.0370009257552,
            334.0704285208807,
            350.50386387727576,
            309.4590485209993,
            264.55610838173783,
            273.65825258782183,
            227.57940500993766,
            177.58373203662833,
            184.17313678180682,
            134.586141679122,
            11.988758954525126,
            0
        ],
        [
            0,
            0,
            27.350848699533064,
            81.8920568556619,
            77.23955150535524,
            75.84355109638147,
            75.37351455232532,
            36.14918526121339,
            43.38402609437582,
            0,
            -13.11285846034176,
            -52.585550803877524,
            8.607613095307133,
            108.75058096559599,
            164.41779192210555,
            290.32811100747995,
            396.1342597750055,
            427.7241591456871,
            458.4573009433953,
            504.67197675396176,
            505.3222442737056,
            406.29328263187864,
            422.5058001256608,
            377.70573766572636,
            328.26695001142286,
            333.618339758834,
            280.7137582913704,
            222.30231531972805,
            216.64157679785828,
            146.9283725706524,
            0,
            0
        ],
        [
            0,
            36.327900756462405,
            37.23190677265106,
            96.87661271525712,
            91.13527951193691,
            89.91117684546104,
            89.95075780744835,
            49.363877859209175,
            57.70165211491882,
            13.11285846034176,
            0,
            -40.70706355935659,
            23.22772219631043,
            127.41161257841166,
            185.24173398491556,
            315.65459231677085,
            424.96127838431755,
            457.31026172178304,
            488.6550463107725,
            535.8276955988539,
            535.9041896856348,
            433.4111956404829,
            449.0655124928968,
            401.5088533272214,
            348.9990739743433,
            351.6068811497295,
            294.4003964466608,
            230.83016383529946,
            215.74243487489463,
            128.2911537366191,
            0,
            0
        ],
        [
            0,
            65.34092915492627,
            55.3588633276126,
            122.25502173731178,
            119.27536797164981,
            121.09591229811193,
            124.05349095732144,
            84.96196092660186,
            96.06100734373966,
            52.585550803877524,
            40.70706355935659,
            0,
            66.28047385939617,
            173.5156489881012,
            233.1839543850393,
            366.74377330006195,
            478.49554692057256,
            511.5671377062534,
            543.4508518605387,
            591.2560264290561,
            590.9724255397064,
            486.39325466670795,
            501.318513720833,
            451.2397697348103,
            395.4650279347189,
            394.0637886819435,
            331.13916284265036,
            259.97484099819405,
            231.1188931278894,
            114.31706115537482,
            0,
            0
        ],
        [
            0,
            69.12585998903262,
            34.86745593848032,
            95.68705893436598,
            84.7320014073828,
            80.17871311221097,
            77.64901614341906,
            32.590080164888974,
            39.671158964762775,
            -8.607613095307133,
            -23.22772219631043,
            -66.28047385939617,
            0,
            108.0653416810748,
            167.64852986169203,
            302.50016063740014,
            415.1013436930928,
            447.68919576083425,
            479.1519437482515,
            526.8500670245777,
            525.846287982249,
            419.3694871129872,
            434.03405403143273,
            383.489814935471,
            328.20803876721925,
            328.3720266671119,
            268.1389543231001,
            201.4266330164587,
            175.4806451886695,
            45.822711965563514,
            0,
            0
        ],
        [
            0,
            56.00326255793369,
            -4.088499103945053,
            46.470014350709576,
            24.067582251550146,
            9.967683739661057,
            -0.9256249566841287,
            -54.460494038591314,
            -53.728141453814864,
            -108.75058096559599,
            -127.41161257841166,
            -173.5156489881012,
            -108.0653416810748,
            0,
            58.84337051746034,
            194.26572828851374,
            307.1219189480561,
            338.8882586153288,
            369.69412474959836,
            417.11626312895146,
            415.44870989959156,
            307.5253797372121,
            322.43436170191234,
            272.8515212630403,
            220.2971944247644,
            225.00434032427177,
            172.02682757691485,
            116.42640254753005,
            102.63228417914863,
            0,
            0,
            0
        ],
        [
            0,
            48.168871806128315,
            -27.185185365481964,
            19.03170507079695,
            -9.76025649722478,
            -29.06626764865863,
            -44.477230287575985,
            -102.95611760906904,
            -105.49819240171303,
            -164.41779192210555,
            -185.24173398491556,
            -233.1839543850393,
            -167.64852986169203,
            -58.84337051746034,
            0,
            136.47390102220763,
            249.9988872922148,
            281.416901823766,
            311.92592901116774,
            359.2694694804127,
            357.12502122520647,
            248.0950520501053,
            263.03871015428916,
            213.80418524137315,
            162.6949166682737,
            169.5488974297621,
            120.63828036312773,
            71.63751252780044,
            61.62995648664493,
            0,
            0,
            0
        ],
        [
            0,
            16.653913708510494,
            -82.53422990380398,
            -48.532837050724844,
            -90.28655590676681,
            -120.67339984573343,
            -145.87552830241174,
            -213.93377997677158,
            -223.95604739122888,
            -290.32811100747995,
            -315.65459231677085,
            -366.74377330006195,
            -302.50016063740014,
            -194.26572828851374,
            -136.47390102220763,
            0,
            113.35563029895353,
            143.94871394260858,
            173.88227308394298,
            221.03373123826486,
            218.647311269009,
            109.29486414717873,
            125.4772699034403,
            79.52505468381958,
            34.39357895379669,
            49.678432496458,
            14.350921330525455,
            -13.412555623009224,
            5.823584464202884,
            0,
            0,
            0
        ],
        [
            0,
            -13.5781936117901,
            -131.63896796525157,
            -107.141493556983,
            -159.4244501891998,
            -198.8118858706993,
            -231.95243398647355,
            -307.8216958197722,
            -323.80870535437094,
            -396.1342597750055,
            -424.96127838431755,
            -478.49554692057256,
            -415.1013436930928,
            -307.1219189480561,
            -249.9988872922148,
            -113.35563029895353,
            0,
            30.082581579475566,
            59.71515203057103,
            106.85914857283228,
            104.50307451869917,
            -4.61559413317808,
            13.05246608581462,
            -29.16925947982773,
            -67.92450807879005,
            -44.13952579707087,
            -65.17964756107561,
            -69.15940580679056,
            0,
            0,
            0,
            0
        ],
        [
            4.382757770519896,
            -23.136236704771292,
            -148.58571702339398,
            -125.26794668136706,
            -180.7320677982979,
            -222.649482138836,
            -257.9356993628294,
            -336.3223259674077,
            -353.64522243673713,
            -427.7241591456871,
            -457.31026172178304,
            -511.5671377062535,
            -447.6891957608343,
            -338.8882586153289,
            -281.41690182376607,
            -143.9487139426086,
            -30.08258157947556,
            0,
            29.636542759720108,
            76.80743599542511,
            74.4213619913043,
            -34.422009232225925,
            -16.258199112950834,
            -56.8543517048181,
            -92.6819096273997,
            -65.94261674128518,
            -80.04162565555029,
            -69.34303286620873,
            0,
            0,
            0,
            0
        ],
        [
            5.538732125914571,
            -33.276942743067316,
            -165.51276894812256,
            -143.4670345731196,
            -201.95773642943664,
            -246.28882787784383,
            -283.61160000376384,
            -364.30840216664393,
            -382.86477904927085,
            -458.4573009433953,
            -488.6550463107725,
            -543.4508518605387,
            -479.1519437482515,
            -369.69412474959836,
            -311.92592901116774,
            -173.88227308394298,
            -59.71515203057103,
            -29.636542759720108,
            0,
            47.1382237442296,
            44.81204819733904,
            -63.28322802533813,
            -44.488202143148456,
            -82.9193341161732,
            -115.04487879620424,
            -84.65231293459289,
            -89.69872918038651,
            -54.79108871384768,
            0,
            0,
            0,
            0
        ],
        [
            1.2229155402736547,
            -49.58335678656337,
            -190.19059078536952,
            -171.2609542609188,
            -234.1408036844144,
            -282.1116114482926,
            -322.55667987044615,
            -406.4111715654794,
            -427.02365424702776,
            -504.67197675396176,
            -535.8276955988539,
            -591.256026429056,
            -526.8500670245778,
            -417.1162631289516,
            -359.26946948041274,
            -221.03373123826486,
            -106.8591485728323,
            -76.80743599542511,
            -47.1382237442296,
            0,
            -2.007152726402385,
            -108.6061407845933,
            -88.52619642533922,
            -123.17804108705566,
            -149.18485666518615,
            -111.98016303334785,
            -101.20406131928014,
            0,
            0,
            0,
            0,
            0
        ],
        [
            1.7234539780474303,
            -50.601334714939306,
            -193.3355496618411,
            -172.93598680049308,
            -235.97857275045195,
            -283.85292533216284,
            -324.0766031099731,
            -407.9961225846506,
            -428.0370009257552,
            -505.3222442737056,
            -535.9041896856348,
            -590.9724255397064,
            -525.846287982249,
            -415.44870989959156,
            -357.12502122520647,
            -218.647311269009,
            -104.50307451869917,
            -74.42136199130428,
            -44.81204819733904,
            2.007152726402385,
            0,
            -105.1538307536545,
            -84.94138060165213,
            -117.77695736549043,
            -140.55305989117377,
            -101.19404745405376,
            -78.41042166644336,
            0,
            0,
            0,
            0,
            0
        ],
        [
            19.705108625474697,
            -15.151806086435519,
            -147.27479707265735,
            -115.3705670969715,
            -169.5900614281601,
            -209.42257788158668,
            -242.36200646040385,
            -320.00048296390713,
            -334.0704285208807,
            -406.29328263187864,
            -433.4111956404829,
            -486.39325466670795,
            -419.3694871129872,
            -307.5253797372121,
            -248.0950520501053,
            -109.29486414717873,
            4.61559413317808,
            34.422009232225925,
            63.28322802533813,
            108.6061407845933,
            105.1538307536545,
            0,
            16.343386994933,
            -21.996890254886857,
            -52.35547948383934,
            -28.041003370733765,
            -18.767228711267155,
            0,
            0,
            0,
            0,
            0
        ],
        [
            18.575817741617833,
            -21.884037019515453,
            -158.46903146191949,
            -127.04986068955618,
            -182.98135815207218,
            -224.036802131346,
            -257.8675862033756,
            -336.2997991076737,
            -350.50386387727576,
            -422.5058001256608,
            -449.0655124928968,
            -501.318513720833,
            -434.03405403143273,
            -322.43436170191234,
            -263.03871015428916,
            -125.4772699034403,
            -13.05246608581462,
            16.258199112950834,
            44.488202143148456,
            88.52619642533922,
            84.94138060165213,
            -16.343386994933,
            0,
            -34.13666646714192,
            -56.787780392139304,
            -26.59438023857878,
            0,
            0,
            0,
            0,
            0,
            0
        ],
        [
            28.54187848604339,
            -6.613790691145634,
            -139.8872310564014,
            -103.32069505113338,
            -155.56427685030647,
            -193.05500443526486,
            -223.48345378222774,
            -298.4942534916003,
            -309.4590485209993,
            -377.70573766572636,
            -401.5088533272214,
            -451.2397697348103,
            -383.489814935471,
            -272.8515212630403,
            -213.80418524137315,
            -79.52505468381958,
            29.16925947982773,
            56.8543517048181,
            82.9193341161732,
            123.17804108705568,
            117.77695736549043,
            21.996890254886857,
            34.13666646714192,
            0,
            -19.28395876722687,
            0,
            0,
            0,
            0,
            0,
            0,
            0
        ],
        [
            37.930328269997005,
            9.642185392795716,
            -118.39118098127317,
            -77.43892868251748,
            -125.52581359474247,
            -159.17135426610884,
            -185.99254085072138,
            -256.8538296359926,
            -264.55610838173783,
            -328.26695001142286,
            -348.9990739743433,
            -395.4650279347189,
            -328.20803876721925,
            -220.2971944247644,
            -162.6949166682737,
            -34.39357895379669,
            67.92450807879005,
            92.6819096273997,
            115.04487879620424,
            149.18485666518615,
            140.55305989117377,
            52.35547948383934,
            56.787780392139304,
            19.28395876722687,
            0,
            0,
            0,
            0,
            0,
            0,
            0,
            0
        ],
        [
            32.17762829922148,
            1.828225997083106,
            -126.2827865373187,
            -88.00852997252376,
            -136.7199635574332,
            -170.7815473146854,
            -197.66153536872966,
            -266.74422827275305,
            -273.65825258782183,
            -333.618339758834,
            -351.6068811497295,
            -394.0637886819435,
            -328.3720266671119,
            -225.00434032427177,
            -169.5488974297621,
            -49.678432496458,
            44.13952579707087,
            65.94261674128518,
            84.65231293459289,
            111.98016303334785,
            101.19404745405376,
            28.041003370733765,
            26.594380238578786,
            0,
            0,
            0,
            0,
            0,
            0,
            0,
            0,
            0
        ],
        [
            34.81343883787825,
            15.085923550249102,
            -103.7274171652686,
            -63.61422360115096,
            -107.58598139817347,
            -137.577945300166,
            -160.69070934276562,
            -223.9620207127036,
            -227.57940500993766,
            -280.7137582913704,
            -294.40039644666086,
            -331.13916284265036,
            -268.1389543231001,
            -172.02682757691485,
            -120.63828036312773,
            -14.350921330525455,
            65.17964756107561,
            80.04162565555029,
            89.69872918038651,
            101.20406131928017,
            78.41042166644336,
            18.767228711267155,
            0,
            0,
            0,
            0,
            0,
            0,
            0,
            0,
            0,
            0
        ],
        [
            29.595237567186473,
            26.981917089313285,
            -78.90692935009346,
            -38.104216279240866,
            -76.54255203793701,
            -102.02471948575453,
            -121.07423932528552,
            -177.29643613845235,
            -177.58373203662833,
            -222.30231531972805,
            -230.8301638352994,
            -259.97484099819405,
            -201.4266330164587,
            -116.42640254753005,
            -71.63751252780044,
            13.412555623009226,
            69.15940580679055,
            69.34303286620879,
            54.79108871384769,
            0,
            0,
            0,
            0,
            0,
            0,
            0,
            0,
            0,
            0,
            0,
            0,
            0
        ],
        [
            0,
            10.877211299331261,
            -87.57436249328036,
            -55.554863388876136,
            -93.69089697247065,
            -118.97774866323523,
            -137.1314279640978,
            -186.77209908714477,
            -184.1731367818068,
            -216.64157679785822,
            -215.74243487489463,
            -231.11889312788944,
            -175.48064518866954,
            -102.63228417914864,
            -61.629956486644915,
            -5.823584464202881,
            0,
            0,
            0,
            0,
            0,
            0,
            0,
            0,
            0,
            0,
            0,
            0,
            0,
            0,
            0,
            0
        ],
        [
            0,
            10.731760428398342,
            -65.68471946333129,
            -39.73436598110342,
            -71.68593462637028,
            -92.1565670860313,
            -105.54332527857588,
            -143.11212051252787,
            -134.586141679122,
            -146.92837257065244,
            -128.29115373661904,
            -114.31706115537472,
            -45.82271196556374,
            0,
            0,
            0,
            0,
            0,
            0,
            0,
            0,
            0,
            0,
            0,
            0,
            0,
            0,
            0,
            0,
            0,
            0,
            0
        ],
        [
            0,
            0,
            0.8786551222968787,
            32.74339845279341,
            20.063041606699343,
            11.62491660026353,
            5.404734021252512,
            -18.36827598324968,
            -11.988758954525107,
            0,
            0,
            0,
            0,
            0,
            0,
            0,
            0,
            0,
            0,
            0,
            0,
            0,
            0,
            0,
            0,
            0,
            0,
            0,
            0,
            0,
            0,
            0
        ],
        [
            0,
            0,
            0,
            0,
            0,
            0,
            0,
            0,
            0,
            0,
            0,
            0,
            0,
            0,
            0,
            0,
            0,
            0,
            0,
            0,
            0,
            0,
            0,
            0,
            0,
            0,
            0,
            0,
            0,
            0,
            0,
            0
        ]
    ],
    "imag(M)": [
        [
            0,
            0,
            0,
            0,
            0,
            0,
            0,
            0,
            0,
            0,
            0,
            0,
            0,
            0,
            0,
            0,
            0,
            -28.77430217227765,
            -42.16825435014927,
            -52.11680147900412,
            -46.995809027522576,
            -45.929418855443124,
            -50.507721771871466,
            -45.81787193022041,
            -44.03844408110248,
            -33.342942018357476,
            -26.142391758048696,
            -24.878056216748877,
            0,
            0,
            0,
            0
        ],
        [
            0,
            0,
            0,
            0,
            0,
            0,
            0,
            0,
            0,
            0,
            -22.01764658493662,
            -44.17781524785224,
            -87.07672299618461,
            -129.40024003217056,
            -118.20303222735501,
            -128.24268401957377,
            -127.65580446231583,
            -130.22086505893003,
            -95.81442293337506,
            -93.94384533105728,
            -66.39516483865339,
            -55.364906944938994,
            -56.38347076400114,
            -42.19877608118879,
            -37.8489756159522,
            -20.769423367064825,
            -13.563600289944935,
            -29.22311794819741,
            -30.419330660821835,
            -29.106951205757397,
            0,
            0
        ],
        [
            0,
            0,
            0,
            0,
            0,
            0,
            0,
            0,
            6.295095778874714,
            -1.968610382961654,
            -34.4384768324817,
            -56.36813629151063,
            -117.84947108290046,
            -171.69797402081542,
            -138.9148362638814,
            -143.98576782127003,
            -135.0759950626554,
            -132.43761858929815,
            -79.38996599779871,
            -73.41383446726081,
            -33.31479867643594,
            -16.63396759856858,
            -16.034463901456757,
            4.100731278200867,
            9.914513486295512,
            31.159032378393817,
            38.20054444478092,
            12.730267419960834,
            3.029299499392757,
            -12.14323577853835,
            0.7380399774510497,
            0
        ],
        [
            0,
            0,
            0,
            0,
            0,
            0,
            -4.2079027990655975,
            -25.743105189185084,
            -15.711370231384088,
            -36.389610775460774,
            -85.06935128915208,
            -115.27732844898077,
            -196.54234187502257,
            -265.14149547085617,
            -221.56322660072126,
            -227.26830613439247,
            -215.66605022435343,
            -212.20165815802048,
            -146.93818138669425,
            -140.0091198420016,
            -91.63193789949345,
            -71.9473356182516,
            -71.87391081153368,
            -48.11505917004618,
            -40.978803290996765,
            -14.624416896968732,
            -4.23477974249786,
            -31.717440635383923,
            -38.98447326788671,
            -51.680404318078914,
            -24.77554563407978,
            0
        ],
        [
            0,
            0,
            0,
            0,
            0,
            -3.723618390414697,
            -10.266585834152945,
            -38.38521722403169,
            -20.710592105767578,
            -45.632663319097276,
            -104.32938979517297,
            -139.71352769900338,
            -235.98825527665684,
            -315.8010504944848,
            -262.0102584031364,
            -267.1704115075331,
            -252.22786698226568,
            -247.08214937380123,
            -170.34591443189896,
            -161.7575224804552,
            -105.44949747383878,
            -82.51683975043434,
            -82.16428673056402,
            -54.71358954231312,
            -46.442348141393346,
            -16.35190913642211,
            -4.522775598251965,
            -35.882403887668595,
            -44.353632421624354,
            -59.483944690718296,
            -29.441699440274316,
            0
        ],
        [
            0,
            0,
            0,
            0,
            3.723618390414697,
            0,
            -5.0224271523016135,
            -37.40548437138748,
            -12.717629544687728,
            -40.12766967228738,
            -106.74771208579325,
            -146.24304906600221,
            -255.28856264845015,
            -344.66779518505297,
            -281.62362526719073,
            -286.02194632300444,
            -267.84696309746136,
            -260.9434516304146,
            -173.77505922322308,
            -163.4805383566111,
            -99.93260320023565,
            -73.95286448122116,
            -73.17201280968976,
            -42.376521431215856,
            -33.21837114935169,
            -0.24599555114642607,
            12.15720696023624,
            -23.358328505232915,
            -34.038820163338485,
            -52.54747422611667,
            -22.75227407860651,
            0
        ],
        [
            0,
            0,
            0,
            4.2079027990655975,
            10.266585834152945,
            5.0224271523016135,
            0,
            -36.78369205807432,
            -6.768811322964919,
            -36.87096477063687,
            -110.85981239868423,
            -154.2433012545411,
            -274.89424739505625,
            -373.03354366449315,
            -301.9068490019495,
            -305.778751941589,
            -284.8387440670312,
            -276.46563271222016,
            -180.05380152185128,
            -168.30596074109928,
            -98.36277664635809,
            -69.72554813292997,
            -68.62174127367037,
            -34.919163420188774,
            -24.986839438530584,
            10.478375249270567,
            23.383795638366518,
            -15.390584715796455,
            -27.517333157355147,
            -47.79460488087262,
            -17.7064843907832,
            0
        ],
        [
            0,
            0,
            0,
            25.743105189185084,
            38.38521722403169,
            37.40548437138748,
            36.78369205807432,
            0,
            38.09515899457196,
            8.63547163436095,
            -69.90762571532457,
            -115.5291388384608,
            -245.4263836289648,
            -350.3421549488717,
            -270.9586090998902,
            -273.43191219509987,
            -249.17296796425805,
            -238.73148260244116,
            -133.41976716562962,
            -119.83370791450774,
            -43.78808595902141,
            -12.498134009692764,
            -10.885935321755996,
            25.163122958510257,
            34.945739158883036,
            70.91491588879592,
            81.68866343348,
            36.80403563047174,
            18.62679723450194,
            -9.58965507778526,
            8.307728689965549,
            0
        ],
        [
            0,
            0,
            -6.295095778874714,
            15.711370231384088,
            20.710592105767578,
            12.717629544687728,
            6.768811322964919,
            -38.09515899457196,
            0,
            -35.27354618968661,
            -122.1964816687076,
            -172.45667036993973,
            -313.0702550402339,
            -426.2827048856788,
            -341.5671095056139,
            -344.6368947967812,
            -319.06732952863393,
            -308.2243854323902,
            -196.28484014217284,
            -182.1039644796978,
            -101.52688031464756,
            -68.51592738318448,
            -66.88126284803151,
            -28.469890994969333,
            -17.272010196092907,
            21.923623052698265,
            35.353814157056014,
            -7.571773606452989,
            -20.8152077302508,
            -40.147621243066006,
            -8.807294066602685,
            0
        ],
        [
            0,
            0,
            1.968610382961654,
            36.389610775460774,
            45.632663319097276,
            40.12766967228738,
            36.87096477063687,
            -8.63547163436095,
            35.27354618968661,
            0,
            -90.89345162208363,
            -143.1320675408576,
            -291.2420590592075,
            -409.916462118431,
            -318.7702492479249,
            -320.79700963684513,
            -292.67477823780496,
            -280.244717751935,
            -161.5216418093604,
            -145.98292020169256,
            -60.90357709492261,
            -26.026063863259733,
            -24.165733229376492,
            15.60185318508293,
            26.27059452333442,
            64.93154419057906,
            75.74751102512856,
            28.329604135147353,
            10.163345978351856,
            -14.010499661403841,
            0,
            0
        ],
        [
            0,
            22.01764658493662,
            34.4384768324817,
            85.06935128915208,
            104.32938979517297,
            106.74771208579325,
            110.85981239868423,
            69.90762571532457,
            122.1964816687076,
            90.89345162208363,
            0,
            -51.93601114566452,
            -203.52796861242575,
            -324.42630439104187,
            -227.7621354605937,
            -227.9777765309355,
            -197.20741598773097,
            -182.9215101232731,
            -59.18034020191732,
            -42.31450140062727,
            45.867123851172146,
            81.94825788779602,
            83.58947351267432,
            122.78295611402875,
            130.54687267008555,
            164.6629548898497,
            167.80079649830265,
            109.6972064545307,
            76.53423820769804,
            30.279835747817305,
            0,
            0
        ],
        [
            0,
            44.177815247853125,
            56.36813629151063,
            115.27732844898077,
            139.71352769900338,
            146.24304906600221,
            154.2433012545411,
            115.5291388384608,
            172.45667036993973,
            143.1320675408576,
            51.93601114566452,
            0,
            -153.8641850949606,
            -276.24529730732206,
            -176.39852838734635,
            -175.65603426628005,
            -143.42896898014578,
            -128.15840561063303,
            -1.5971074458703616,
            15.915060215889033,
            105.73744678851665,
