{
    "bin_ranges": {
        "m3pi_lower_limit": 1.98,
        "m3pi_upper_limit": 2.02,
        "t_lower_limit": 0.326,
        "t_upper_limit": 1
    },
    "info": "The dalitz matrix M is computed as sqrt(-Kibble) * (A[1]-A[2])",
    "bin_centers": [
        0.29900000000000004,
        0.33999999999999997,
        0.38,
        0.42000000000000004,
        0.45999999999999996,
        0.5,
        0.54,
        0.5800000000000001,
        0.62,
        0.66,
        0.69,
        0.71,
        0.73,
        0.75,
        0.77,
        0.79,
        0.81,
        0.83,
        0.85,
        0.87,
        0.89,
        0.91,
        0.94,
        0.98,
        1.02,
        1.06,
        1.1,
        1.1400000000000001,
        1.18,
        1.22,
        1.26,
        1.3,
        1.34,
        1.38,
        1.42,
        1.46,
        1.5,
        1.54,
        1.58,
        1.62,
        1.66,
        1.7,
        1.74,
        1.78,
        1.82,
        1.8599999999999999
    ],
    "real(M)": [
        [
            0,
            0,
            0,
            0,
            0,
            0,
            0,
            0,
            0,
            0,
            0,
            0,
            0,
            0,
            0,
            0,
            0,
            0,
            0,
            0,
            0,
            0,
            0,
            0,
            0,
            0,
            0,
            0,
            -35.05968215450607,
            -46.8225451220618,
            -52.52138956885165,
            -91.41491006683466,
            -119.26526217128118,
            -97.30556132171336,
            -106.23997416036222,
            -115.14856090026275,
            -150.4113182452825,
            -120.10624243918352,
            -114.61693729085569,
            -67.78978502706018,
            0,
            0,
            0,
            0,
            0,
            0
        ],
        [
            0,
            0,
            0,
            0,
            0,
            0,
            0,
            0,
            0,
            0,
            0,
            0,
            0,
            0,
            0,
            0,
            0,
            0,
            0,
            0,
            0,
            0,
            20.472473309643966,
            34.78406720225129,
            78.7785285810687,
            82.33729916211826,
            81.14289075144089,
            93.24667909938968,
            76.5391911051616,
            84.8498290658079,
            94.7775314906968,
            32.895011390925106,
            -7.452257870356053,
            40.11780557946193,
            24.88895786600703,
            3.7578123676276225,
            -76.42507139976777,
            -43.907950299018914,
            -85.42546254112499,
            -109.89097950885964,
            -91.5743861102401,
            -47.31716156193729,
            14.062858034167386,
            0,
            0,
            0
        ],
        [
            0,
            0,
            0,
            0,
            0,
            0,
            0,
            0,
            0,
            0,
            0,
            0,
            0,
            0,
            0,
            0,
            0,
            91.96384439981851,
            102.90623407685295,
            174.70151644434446,
            155.30089093193794,
            160.3423086665989,
            159.40828321854303,
            113.47759205524486,
            180.7958909197018,
            176.17374709027163,
            169.47342634583688,
            184.6479318144416,
            159.68050644257025,
            170.78987475026918,
            184.0216897887071,
            100.99883162463802,
            47.861523485131315,
            111.26050845172327,
            91.05349581160388,
            62.66542532674508,
            -45.043380439845095,
            -3.910347065582657,
            -64.0375653393753,
            -105.14806736166975,
            -90.62759744583077,
            -39.18276561293451,
            72.05988508113042,
            78.394605676917,
            0,
            0
        ],
        [
            0,
            0,
            0,
            0,
            0,
            0,
            0,
            0,
            0,
            0,
            0,
            0,
            38.89966624936228,
            62.657153860362016,
            136.3744803888719,
            219.87630039032885,
            247.04443771941465,
            312.752226869448,
            274.69257748264965,
            378.3476011269939,
            326.5414404299257,
            324.48050040510594,
            315.21301668052797,
            248.55187569444018,
            338.8018097742133,
            333.1181066611658,
            325.9110291509297,
            346.64424685805903,
            317.3752691351464,
            332.8140622579507,
            350.4153896700903,
            250.56517750653583,
            187.1739534384685,
            264.34052399085016,
            239.67928783452487,
            204.42622322442452,
            72.23833411215963,
            118.99836006120434,
            41.21803521388496,
            -16.032531706469424,
            -7.459413282522735,
            45.827670704602376,
            182.50554458251304,
            197.89754902822634,
            146.8201549121108,
            0
        ],
        [
            0,
            0,
            0,
            0,
            0,
            0,
            0,
            0,
            0,
            -5.752495609613318,
            -55.319918739476314,
            -56.36368447600661,
            55.095604497418265,
            23.831841417426944,
            116.64028152784142,
            213.68210938550507,
            223.25994647807556,
            290.7856287186226,
            217.82650941200095,
            337.5007415929411,
            253.99151784024897,
            237.9869469720701,
            209.20323281495897,
            108.62857625145405,
            202.66801260323768,
            181.92948162177487,
            161.47007131464858,
            175.69982429405238,
            132.65699352194451,
            143.49510470219852,
            158.12384495419707,
            37.923524185650855,
            -38.1829293726802,
            49.74674296620871,
            21.51487643127034,
            -17.218971373792566,
            -166.05261910795204,
            -106.27209873662913,
            -188.32858196737897,
            -244.4523218701584,
            -221.0944893332749,
            -140.62998353906139,
            48.968351484579586,
            111.47490827215027,
            153.78075305477213,
            0
        ],
        [
            0,
            0,
            0,
            0,
            0,
            0,
            0,
            0,
            -1.8127708040633908,
            31.916798161247964,
            -28.953482263840243,
            -11.995473025069513,
            157.86932251350783,
            118.36060721103536,
            244.0900601112823,
            369.34581847845635,
            381.3972181799877,
            465.2352710214643,
            376.91793809792074,
            522.7208848793147,
            423.9355360830878,
            406.88525013587184,
            376.37144454070017,
            264.2609498451224,
            378.4016155628299,
            359.141743122104,
            340.0870317386417,
            360.245144109496,
            314.8607619707041,
            330.1306796061544,
            349.01539864582475,
            215.33168287396649,
            130.93034240388442,
            230.19324996271246,
            197.99889643187723,
            153.0896330074589,
            -16.413866334220003,
            46.86699654272703,
            -50.56362978604484,
            -120.85239929733429,
            -104.04018634578274,
            -25.265109141504688,
            175.63765892005952,
            230.17490007387013,
            263.85564362505363,
            0
        ],
        [
            0,
            0,
            0,
            0,
            0,
            0,
            0,
            33.89210531755354,
            17.555398916351663,
            71.90063778014397,
            -7.015390483196234,
            17.872597906314958,
            230.18213678460546,
            180.93187509929498,
            331.51325803841837,
            478.55960241243434,
            490.56692058155124,
            586.5941202637609,
            482.5427535949527,
            649.6017877673451,
            535.0689700563947,
            515.0548287998743,
            480.0281716010239,
            353.6103280865795,
            482.7832530291867,
            461.7405447375937,
            441.12407024012,
            464.227658402052,
            414.40854361225416,
            431.8714506019487,
            453.1221602700542,
            305.635653417804,
            212.6596678208063,
            321.99829472202106,
            286.10094374603386,
            235.93231703721332,
            48.41510131382626,
            116.50540349954281,
            7.375287062022315,
            -72.56185981484116,
            -57.53978592038071,
            24.75449347425118,
            240.96589183941816,
            295.22535053650176,
            327.4192048908077,
            0
        ],
        [
            0,
            0,
            0,
            0,
            0,
            0,
            -33.89210531755354,
            0,
            -49.81947266839466,
            1.6814326093915934,
            -104.55889177720856,
            -80.84937050379887,
            161.0429360540432,
            96.46608793789177,
            262.6562205825261,
            423.13526058646755,
            429.2354613672369,
            530.6694919239734,
            406.73502174100395,
            587.9590555225524,
            453.7711849959515,
            426.00639506507054,
            379.5902964466382,
            230.8373668074666,
            365.7308235984818,
            335.46120111199275,
            306.5716984905906,
            326.40888344619725,
            267.21499339301454,
            282.3793289129829,
            302.3985927398936,
            139.5053043138788,
            37.090028248891905,
            155.5336782418387,
            117.10751048012973,
            64.33579676246165,
            -135.9796177537884,
            -57.94885701221868,
            -170.2306336026752,
            -249.00739260219694,
            -222.96448478705526,
            -121.71568429350916,
            127.0605257754731,
            205.87516355042675,
            268.65365576132285,
            0
        ],
        [
            0,
            0,
            0,
            0,
            0,
            1.8127708040633908,
            -17.555398916351663,
            49.81947266839466,
            0,
            70.87820705632765,
            -44.736315646556996,
            -12.977176952102507,
            264.42768157961103,
            194.48693734704025,
            383.15418655832053,
            563.9361030862124,
            572.2709728548023,
            686.0997671747683,
            550.807425361474,
            752.0413551880594,
            606.0901626020227,
            577.3808246893219,
            529.2783727923702,
            370.6792768130915,
            521.1209429910805,
            491.3974034689108,
            462.9814982006721,
            487.0154548309792,
            425.2364864215565,
            443.40221908075034,
            466.2853599282676,
            291.7529150647748,
            182.04422892776057,
            309.13187665715486,
            266.96806437045706,
            208.74950465557706,
            -8.16136798160664,
            72.11015834157729,
            -52.15166308594113,
            -141.58061589115826,
            -120.63608414909231,
            -21.865530635617837,
            229.28102010191517,
            294.30685585667464,
            327.8816767037102,
            0
        ],
        [
            0,
            0,
            0,
            0,
            5.752495609613318,
            -31.916798161247964,
            -71.90063778014397,
            -1.6814326093915934,
            -70.87820705632765,
            0,
            -136.03159688471555,
            -104.48510335686485,
            198.37382974273373,
            116.58600051729591,
            319.4468461244453,
            512.7348163969003,
            516.9997417206239,
            636.4621642904992,
            484.769013165021,
            699.1959728062652,
            536.8076523550338,
            501.99688004199345,
            444.82928280089794,
            267.6222016583082,
            424.1664517762234,
            387.1736009339229,
            352.2256871340939,
            374.07942760302785,
            304.60789004565163,
            321.2748543964553,
            343.51033327775815,
            155.79944993291343,
            38.172172798376636,
            173.4346687124302,
            129.26500746421416,
            68.9778523687939,
            -158.4508366371346,
            -69.60788479421886,
            -195.89545533816533,
            -283.41034213504173,
            -252.5506281111097,
            -138.06612549995583,
            136.15630099611514,
            216.8427472805829,
            259.30763183659883,
            0
        ],
        [
            0,
            0,
            0,
            0,
            55.319918739476314,
            28.953482263840243,
            7.015390483196234,
            104.55889177720856,
            44.736315646556996,
            136.03159688471555,
            0,
            40.443825921158165,
            369.9689714775725,
            288.3166838819026,
            509.41765532062476,
            719.5182436377446,
            728.5993032377429,
            859.5095281587335,
            703.3535234821712,
            934.1157978012955,
            766.730799919705,
            734.0348337369311,
            679.6461803482,
            500.6448437435544,
            672.0445512325683,
            639.3681035398643,
            608.2276863762074,
            635.9076762206529,
            567.2033471486488,
            587.837319417126,
            613.3539109927145,
            418.6981059484906,
            296.3941973903632,
            436.67306855880014,
            388.60507007618514,
            322.4420410758649,
            81.21220344535756,
            166.8925957429671,
            27.47406593551825,
            -73.71958309783679,
            -55.31296111604361,
            45.00542585317549,
            300.96873056716834,
            346.312412238048,
            316.6653631063775,
            0
        ],
        [
            0,
            0,
            0,
            0,
            56.36368447600661,
            11.995473025069513,
            -17.872597906314958,
            80.84937050379887,
            12.977176952102507,
            104.48510335686485,
            -40.443825921158165,
            0,
            341.0886170389446,
            254.23893685907302,
            481.9083124488754,
            697.8427552096949,
            705.2289408825031,
            838.8566304200249,
            675.3511779687872,
            912.2749800397532,
            737.4892849672764,
            702.1092443884754,
            643.7161034353912,
            456.3561885017187,
            630.707859014145,
            594.8268181251005,
            560.8004392455781,
            587.5647832046745,
            515.4112324199618,
            535.3995033485991,
            560.6305744585762,
            360.0339096544975,
            234.1847507810247,
            378.07431520440633,
            329.0761938802043,
            261.9722921362934,
            16.26584885440801,
            105.6322961477427,
            -34.41123900115145,
            -134.37351259940826,
            -111.45024415626196,
            -4.5840444895960815,
            258.86423306100045,
            307.6874780789199,
            266.51176286785017,
            0
        ],
        [
            0,
            0,
            0,
            -38.89966624936228,
            -55.095604497418265,
            -157.86932251350783,
            -230.18213678460546,
            -161.0429360540432,
            -264.42768157961103,
            -198.37382974273373,
            -369.9689714775725,
            -341.0886170389446,
            0,
            -102.72001039556498,
            120.81439725292505,
            332.2333066625652,
            328.1190933110836,
            454.8389751124519,
            274.9583315873883,
            508.9309136260806,
            318.32572874241015,
            272.0112602484706,
            197.81228819566454,
            -12.46358699537704,
            151.23767683859782,
            100.05656017892024,
            52.43104310380242,
            68.9709225466446,
            -14.30779396751266,
            -1.077296004407725,
            19.514567108967096,
            -189.25005213489078,
            -318.8647998693718,
            -169.60921541896082,
            -215.080957952834,
            -275.8616485833378,
            -515.3827184076432,
            -408.5348799957022,
            -530.8421221601998,
            -606.1937692036154,
            -549.3497374947868,
            -398.62493187915476,
            -79.69266333239814,
            40.07432726246663,
            99.7320744008635,
            0
        ],
        [
            0,
            0,
            0,
            -62.657153860362016,
            -23.831841417426944,
            -118.36060721103536,
            -180.93187509929498,
            -96.46608793789177,
            -194.48693734704025,
            -116.58600051729591,
            -288.3166838819026,
            -254.23893685907302,
            102.72001039556498,
            0,
            234.42777864603087,
            455.91025425852587,
            454.62996460223604,
            588.1954058904583,
            405.52937702442773,
            649.3143286775603,
            455.59197255763985,
            410.470038057874,
            337.8216306120099,
            126.28332034296264,
            298.82192735721105,
            250.09630781186252,
            204.6272780574825,
            224.54441315511178,
            141.60908309069669,
            157.1027024594652,
            179.5378562129472,
            -33.41298486721892,
            -165.82854664529592,
            -13.76151841022985,
            -61.60612296325524,
            -125.8875633122396,
            -373.2256489312529,
            -268.4500157218063,
            -398.10274659510605,
            -480.9886988367595,
            -431.31655573468953,
            -289.4571604274246,
            15.145633469079641,
            109.45761795158006,
            93.60984515905726,
            0
        ],
        [
            0,
            0,
            0,
            -136.3744803888719,
            -116.64028152784142,
            -244.0900601112823,
            -331.51325803841837,
            -262.6562205825261,
            -383.1541865583192,
            -319.4468461244453,
            -509.41765532062476,
            -481.9083124488754,
            -120.81439725292505,
            -234.42777864603087,
            0,
            221.00506918092128,
            212.5510459875517,
            343.1471902809982,
            148.4731887890501,
            392.78500967984763,
            187.34717662825608,
            135.00208066945143,
            51.873172176117976,
            -175.75523018952066,
            -8.202420171322922,
            -66.74017869380266,
            -120.88200541996507,
            -106.95156321725582,
            -197.20536889336526,
            -185.47302826316277,
            -165.37773885703623,
            -384.47088226768346,
            -519.5324309120291,
            -362.4161514200041,
            -407.5493235001898,
            -467.27820850522147,
            -710.7750857994147,
            -593.0760850662103,
            -710.1928883232962,
            -775.3223007424576,
            -700.9758452377783,
            -527.4095855216677,
            -184.50714204998303,
            -39.81026606639195,
            0,
            0
        ],
        [
            0,
            0,
            0,
            -219.87630039032885,
            -213.68210938550507,
            -369.34581847845635,
            -478.55960241243434,
            -423.13526058646755,
            -563.9361030862124,
            -512.7348163969003,
            -719.5182436377446,
            -697.8427552096949,
            -332.2333066625652,
            -455.91025425852587,
            -221.00506918092128,
            0,
            -14.964129040886347,
            113.18489905668041,
            -92.71890415185244,
            152.50948623928454,
            -63.900083046656064,
            -122.87053060988845,
            -215.61340362997325,
            -458.14261840790505,
            -294.7671318442685,
            -362.18983974011667,
            -424.1416732234603,
            -415.45256834567357,
            -512.2521784577206,
            -503.6579271917578,
            -485.3521444199094,
            -709.8687150306843,
            -846.9864923934867,
            -684.6036931503197,
            -726.6548376577118,
            -781.4947560678661,
            -1020.5836256616134,
            -889.9449099796839,
            -994.1189538352876,
            -1041.0659412394791,
            -941.7481683717989,
            -736.1605497977283,
            -354.95532717397157,
            -156.46604132313084,
            0,
            0
        ],
        [
            0,
            0,
            0,
            -247.04443771941465,
            -223.25994647807556,
            -381.3972181799877,
            -490.56692058155124,
            -429.2354613672369,
            -572.2709728548023,
            -516.9997417206239,
            -728.5993032377429,
            -705.2289408825031,
            -328.1190933110836,
            -454.62996460223604,
            -212.5510459875517,
            14.964129040886347,
            0,
            131.89006076515767,
            -78.98343307320476,
            172.85344364987552,
            -48.66719455642753,
            -108.73280500636112,
            -203.1770605785616,
            -450.6970932838722,
            -282.77128854518367,
            -351.0692702602526,
            -413.7688798596472,
            -404.31340597736533,
            -502.6204193712508,
            -493.3466210219715,
            -474.2388828209175,
            -702.6635127240339,
            -841.8169620448284,
            -676.0295227531021,
            -718.3679121001804,
            -773.5919824034073,
            -1015.4324845769307,
            -882.0467980354246,
            -985.9783740456547,
            -1030.9809143920872,
            -927.6091013376009,
            -717.1124520870682,
            -334.64922842622553,
            -134.52007814195002,
            0,
            0
        ],
        [
            0,
            0,
            -91.96384439981851,
            -312.752226869448,
            -290.7856287186226,
            -465.2352710214643,
            -586.5941202637609,
            -530.6694919239734,
            -686.0997671747683,
            -636.4621642904992,
            -859.5095281587335,
            -838.8566304200264,
            -454.8389751124519,
            -588.1954058904583,
            -343.1471902809982,
            -113.18489905668041,
            -131.89006076515784,
            0,
            -219.19330903069624,
            35.65449608784445,
            -194.0848669173403,
            -258.35997683953156,
            -358.94510426073145,
            -616.8421438117543,
            -449.5528278037026,
            -523.1829189558538,
            -590.5137019730477,
            -583.6216208596244,
            -686.0209842316785,
            -678.0426799269562,
            -659.362272632339,
            -891.8581282617859,
            -1032.3775937254302,
            -861.8492176290807,
            -901.8023416995038,
            -953.4609130051044,
            -1192.3645799394428,
            -1049.422666153766,
            -1143.8540935896112,
            -1175.172206272406,
            -1053.0315319251324,
            -818.6645009247352,
            -409.9498724230541,
            -164.66734379344632,
            0,
            0
        ],
        [
            0,
            0,
            -102.90623407685291,
            -274.69257748264965,
            -217.82650941200095,
            -376.91793809792074,
            -482.5427535949527,
            -406.73502174100395,
            -550.807425361474,
            -484.769013165021,
            -703.3535234821712,
            -675.3511779687872,
            -274.9583315873883,
            -405.52937702442773,
            -148.4731887890501,
            92.71890415185244,
            78.98343307320476,
            219.19330903069624,
            0,
            265.53765862807643,
            35.35412889785432,
            -25.76284928302637,
            -121.96703998263428,
            -377.1363738756184,
            -198.91433628688918,
            -267.39012862301837,
            -330.2076944125104,
            -318.2152287154719,
            -418.4661303556039,
            -407.26308673139596,
            -386.25738751404515,
            -621.727605365322,
            -764.668789440508,
            -593.0886073189147,
            -636.6625704024276,
            -693.604359424441,
            -941.3735404890332,
            -805.0560772597629,
            -910.2237942359775,
            -953.6547748942901,
            -846.0042693591902,
            -631.4072000240196,
            -257.896947609178,
            -65.08640745775851,
            0,
            0
        ],
        [
            0,
            0,
            -174.70151644434446,
            -378.3476011269939,
            -337.5007415929411,
            -522.7208848793147,
            -649.6017877673451,
            -587.9590555225524,
            -752.0413551880594,
            -699.1959728062652,
            -934.1157978012955,
            -912.2749800397532,
            -508.9309136260806,
            -649.3143286775603,
            -392.78500967984763,
            -152.50948623928454,
            -172.85344364987552,
            -35.65449608784445,
            -265.53765862807643,
            0,
            -240.57059191374918,
            -308.2239238958672,
            -413.866903566328,
            -683.2583310482671,
            -509.74410306267634,
            -586.794286277578,
            -657.0089200790318,
            -649.9506937505263,
            -755.9218473355745,
            -747.2333839037201,
            -727.2482539550927,
            -966.1628286680262,
            -1109.197157075593,
            -931.4152532794119,
            -969.6761538345971,
            -1018.9363236973157,
            -1257.6764537141785,
            -1105.3110913478704,
            -1191.5769337013548,
            -1209.3895515735715,
            -1068.1074538315563,
            -810.0641347029866,
            -383.6093709303794,
            -48.329110169989356,
            0,
            0
        ],
        [
            0,
            0,
            -155.30089093193794,
            -326.5414404299257,
            -253.99151784024897,
            -423.9355360830878,
            -535.0689700563947,
            -453.7711849959515,
            -606.0901626020227,
            -536.8076523550338,
            -766.730799919705,
            -737.4892849672764,
            -318.32572874241015,
            -455.59197255763985,
            -187.34717662825608,
            63.900083046656064,
            48.66719455642753,
            194.0848669173403,
            -35.35412889785432,
            240.57059191374918,
            0,
            -64.31595592356754,
            -165.3169753319191,
            -431.4652191879924,
            -247.20609823063228,
            -318.948897993817,
            -384.5478407715322,
            -372.4590679220288,
            -476.21167522695356,
            -464.48234877180795,
            -442.4471678573302,
            -684.1599471936619,
            -829.6638798078844,
            -651.6812387869945,
            -694.019748117655,
            -749.074861417601,
            -996.6337979799306,
            -852.2309555860323,
            -949.7326941749499,
            -980.3477492486013,
            -855.1115599321591,
            -619.555641081943,
            -235.87779535597113,
            0,
            0,
            0
        ],
        [
            0,
            0,
            -160.3423086665989,
            -324.48050040510594,
            -237.9869469720701,
            -406.88525013587184,
            -515.0548287998743,
            -426.00639506507054,
            -577.3808246893219,
            -501.99688004199345,
            -734.0348337369311,
            -702.1092443884754,
            -272.0112602484706,
            -410.470038057874,
            -135.00208066945143,
            122.87053060988845,
            108.73280500636112,
            258.35997683953156,
            25.76284928302637,
            308.2239238958672,
            64.31595592356754,
            0,
            -101.11103685562473,
            -369.76952898844587,
            -180.28965214451011,
            -251.45108863753063,
            -316.5267131082401,
            -302.88643749147855,
            -407.0739793217175,
            -394.2791620223916,
            -371.3394268098427,
            -615.8014474346536,
            -762.7916842324973,
            -582.8853527143199,
            -626.0672380841858,
            -682.2347938646349,
            -931.9256630374417,
            -787.5408089315305,
            -885.4487588848122,
            -915.0646635788614,
            -788.4192332958917,
            -552.3546314671488,
            -179.8123690938497,
            0,
            0,
            0
        ],
        [
            0,
            -20.47247330964411,
            -159.40828321854303,
            -315.21301668052797,
            -209.20323281495897,
            -376.37144454070017,
            -480.0281716010239,
            -379.5902964466382,
            -529.2783727923702,
            -444.82928280089794,
            -679.6461803482,
            -643.7161034353912,
            -197.81228819566425,
            -337.8216306120099,
            -51.87317217611802,
            215.61340362997342,
            203.1770605785618,
            358.94510426073145,
            121.96703998263428,
            413.866903566328,
            165.3169753319191,
            101.11103685562473,
            0,
            -272.0222969658229,
            -74.98752819120588,
            -145.1948766610447,
            -209.43065065555578,
            -193.55588868389017,
            -298.318562193705,
            -284.0736277523555,
            -259.98328785174834,
            -508.2703587896273,
            -657.3712181283015,
            -475.24072530743405,
            -519.8768726335827,
            -577.8825747668753,
            -830.2395257344402,
            -686.7147911525567,
            -784.9653490731564,
            -812.712186508078,
            -684.0272868912667,
            -447.3659811362939,
            -92.39218712114936,
            0,
            0,
            0
        ],
        [
            0,
            -34.78406720225129,
            -113.47759205524486,
            -248.55187569444018,
            -108.62857625145405,
            -264.2609498451224,
            -353.6103280865795,
            -230.8373668074666,
            -370.6792768130915,
            -267.6222016583082,
            -500.6448437435544,
            -456.3561885017187,
            12.46358699537704,
            -126.28332034296264,
            175.75523018952066,
            458.14261840790505,
            450.6970932838722,
            616.8421438117543,
            377.1363738756184,
            683.2583310482671,
            431.4652191879924,
            369.76952898844587,
            272.0222969658229,
            0,
            209.8563147873512,
            143.91368933761126,
            83.25742482155623,
            103.76720482545399,
            -0.3302795624956785,
            16.2338882483634,
            41.46822243960974,
            -212.03754444043543,
            -365.23034740004283,
            -183.87224044905247,
            -234.27909775776547,
            -299.72169487379216,
            -560.5983075931141,
            -427.68829270529346,
            -535.7643120083187,
            -573.0312205861683,
            -458.81808380551,
            -245.84403142879918,
            0,
            0,
            0,
            0
        ],
        [
            0,
            -78.7785285810687,
            -180.7958909197018,
            -338.8018097742133,
            -202.66801260323768,
            -378.4016155628299,
            -482.7832530291867,
            -365.7308235984818,
            -521.1209429910805,
            -424.1664517762234,
            -672.0445512325683,
            -630.707859014145,
            -151.23767683859782,
            -298.82192735721105,
            8.202420171322922,
            294.7671318442685,
            282.77128854518367,
            449.5528278037026,
            198.91433628688918,
            509.74410306267634,
            247.20609823063228,
            180.28965214451011,
            74.98752819120588,
            -209.8563147873512,
            0,
            -71.9884297751976,
            -137.64674163491827,
            -119.50821859532664,
            -227.46219837283329,
            -211.37959482882434,
            -185.4732486218796,
            -440.71384021182377,
            -591.9083105625024,
            -403.75248263588355,
            -447.3046231737236,
            -502.98749621277943,
            -747.9561897506336,
            -598.1898994730481,
            -677.0218308613651,
            -672.0445477543586,
            -500.99332464989914,
            -174.192366511019,
            0,
            0,
            0,
            0
        ],
        [
            0,
            -82.33729916211826,
            -176.17374709027163,
            -333.1181066611658,
            -181.92948162177487,
            -359.141743122104,
            -461.7405447375937,
            -335.46120111199275,
            -491.3974034689108,
            -387.1736009339229,
            -639.3681035398643,
            -594.8268181251012,
            -100.05656017892024,
            -250.09630781186252,
            66.74017869380266,
            362.18983974011667,
            351.0692702602529,
            523.1829189558538,
            267.39012862301837,
            586.794286277578,
            318.948897993817,
            251.45108863753063,
            145.1948766610447,
            -143.91368933761126,
            71.9884297751976,
            0,
            -65.62534300682046,
            -46.20987059901228,
            -155.02566069243113,
            -138.19146026073986,
            -111.82362219051811,
            -369.0758777775929,
            -520.564104034735,
            -331.77847564875225,
            -375.3281992059397,
            -430.29477582276854,
            -668.8570791508135,
            -518.9464345847026,
            -585.2247932485933,
            -557.4088855128526,
            -347.1822675348934,
            0,
            0,
            0,
            0,
            0
        ],
        [
            0,
            -81.14289075144089,
            -169.47342634583688,
            -325.9110291509297,
            -161.47007131464858,
            -340.0870317386417,
            -441.12407024012,
            -306.5716984905906,
            -462.9814982006727,
            -352.2256871340939,
            -608.2276863762074,
            -560.8004392455781,
            -52.43104310380242,
            -204.6272780574825,
            120.88200541996507,
            424.1416732234603,
            413.7688798596472,
            590.513701973048,
            330.2076944125104,
            657.0089200790318,
            384.5478407715322,
            316.5267131082401,
            209.4306506555558,
            -83.2574248215562,
            137.64674163491833,
            65.62534300682047,
            0,
            20.33261856134174,
            -89.1461951079201,
            -71.89589264166413,
            -45.467196368476834,
            -303.5241884946799,
            -454.43690318003473,
            -266.3512117041168,
            -309.57359529629514,
            -363.1241525367084,
            -591.5639901316367,
            -441.90990450385584,
            -489.7567667097715,
            -424.875274256179,
            -9.715859379751953,
            0,
            0,
            0,
            0,
            0
        ],
        [
            0,
            -93.24667909938968,
            -184.6479318144416,
            -346.64424685805903,
            -175.69982429405238,
            -360.245144109496,
            -464.227658402052,
            -326.40888344619725,
            -487.0154548309792,
            -374.07942760302785,
            -635.9076762206529,
            -587.5647832046751,
            -68.9709225466446,
            -224.54441315511178,
            106.95156321725588,
            415.45256834567357,
            404.3134059773655,
            583.6216208596244,
            318.2152287154719,
            649.9506937505263,
            372.4590679220288,
            302.88643749147855,
            193.55588868389017,
            -103.76720482545399,
            119.50821859532664,
            46.20987059901228,
            -20.33261856134174,
            0,
            -110.06173161830826,
            -92.46955949093453,
            -65.6506589660221,
            -321.8568143819545,
            -469.2744448839883,
            -280.7259607113483,
            -319.72147035835843,
            -366.4237678186041,
            -574.1418550821043,
            -416.9126598542094,
            -425.5477801473467,
            -264.23189885821415,
            0,
            0,
            0,
            0,
            0,
            0
        ],
        [
            35.05968215450616,
            -76.53919110516159,
            -159.6805064425702,
            -317.3752691351464,
            -132.65699352194451,
            -314.8607619707041,
            -414.40854361225416,
            -267.21499339301454,
            -425.2364864215565,
            -304.60789004565163,
            -567.2033471486488,
            -515.4112324199618,
            14.30779396751266,
            -141.60908309069669,
            197.20536889336537,
            512.2521784577209,
            502.62041937125105,
            686.0209842316785,
            418.466130355604,
            755.9218473355745,
            476.21167522695356,
            407.0739793217175,
            298.318562193705,
            0.3302795624956785,
            227.46219837283329,
            155.02566069243113,
            89.14619510792008,
            110.06173161830826,
            0,
            17.13806167820852,
            42.643410320359415,
            -212.33190841862347,
            -358.29356119721535,
            -175.37138641241683,
            -215.5155005953586,
            -261.90692433166294,
            -452.6927499251147,
            -300.08940642468923,
            -266.4238235762214,
            0,
            0,
            0,
            0,
            0,
            0,
            0
        ],
        [
            46.8225451220618,
            -84.84982906580788,
            -170.78987475026915,
