{
    "bin_ranges": {
        "m3pi_lower_limit": 1.1800000000000002,
        "m3pi_upper_limit": 1.2200000000000002,
        "t_lower_limit": 0.326,
        "t_upper_limit": 1
    },
    "info": "The dalitz matrix M is computed as sqrt(-Kibble) * (A[1]-A[2])",
    "bin_centers": [
        0.29900000000000004,
        0.33999999999999997,
        0.38,
        0.42000000000000004,
        0.45999999999999996,
        0.5,
        0.54,
        0.5800000000000001,
        0.62,
        0.66,
        0.69,
        0.71,
        0.73,
        0.75,
        0.77,
        0.79,
        0.81,
        0.83,
        0.85,
        0.87,
        0.89,
        0.91,
        0.94,
        0.98,
        1.02,
        1.06
    ],
    "real(M)": [
        [
            0,
            0,
            0,
            0,
            0,
            0,
            0,
            0,
            0,
            0,
            -7.443247114869711,
            -21.898265731466854,
            -22.897957668099,
            -24.80737631665844,
            -19.611893561498555,
            -3.655419682853843,
            0.5570883826280719,
            0.9927752108486935,
            -3.6599875400715574,
            7.498565060893387,
            6.8242771126339905,
            0.7841513450633862,
            3.024502746182169,
            0,
            0,
            0
        ],
        [
            0,
            0,
            0,
            0,
            0,
            0,
            0,
            -0.5478309363920008,
            -8.447938727375558,
            -18.825765486016778,
            -30.15072743614775,
            -39.001281485674966,
            -25.989005243287945,
            -22.609712414585296,
            -7.696600688927073,
            24.837051068849398,
            33.15323030232638,
            34.07315552372257,
            25.578763141849876,
            45.41435147925111,
            43.82288451290583,
            31.54022974736201,
            34.83399342271209,
            19.065925388684683,
            -10.33308850974887,
            0
        ],
        [
            0,
            0,
            0,
            0,
            0,
            0.4629168785139345,
            -2.568672933380317,
            -6.909046823661244,
            -20.90111369546571,
            -35.339160429645034,
            -50.42147288612843,
            -61.91807224745057,
            -43.50009947229754,
            -38.671156326023514,
            -18.7398915005147,
            23.980135132523664,
            34.59364505802352,
            35.619715465446184,
            24.555859093650486,
            50.449542204081325,
            48.72082776092858,
            33.209848017854036,
            38.919115029483066,
            20.682791054375485,
            -26.649075343958252,
            0
        ],
        [
            0,
            0,
            0,
            0,
            -0.9487184845530505,
            -0.8061638644880691,
            -8.176301681843377,
            -14.35655022639844,
            -32.51564761388741,
            -50.12852252589864,
            -68.2088742444923,
            -81.83685359986951,
            -59.13206766015743,
            -53.11559696098903,
            -29.10864185151338,
            21.856535786546655,
            34.35135263704252,
            35.47323918468624,
            22.35446400341457,
            53.00075334639231,
            51.06692444462331,
            32.949193119178474,
            40.22447393327272,
            19.704067599924993,
            -37.562111307961054,
            0
        ],
        [
            0,
            0,
            0,
            0.9487184845530505,
            0,
            1.5477854060199459,
            -7.214403137904081,
            -13.852591719173258,
            -34.60214806392843,
            -54.22770840687104,
            -74.43072510196696,
            -89.62429268086119,
            -63.12710034876545,
            -55.94375681727797,
            -28.389418476966288,
            29.536495933442723,
            43.605830735764734,
            44.75693816042166,
            29.85310358942779,
            64.16005506987013,
            61.772646929431986,
            41.25294215727758,
            48.98630017658726,
            25.43366755371267,
            -38.703584949857934,
            0
        ],
        [
            0,
            0,
            -0.4629168785139345,
            0.8061638644880691,
            -1.5477854060199459,
            0,
            -10.653569581850604,
            -18.337122808532957,
            -41.82263983988238,
            -63.598712438510276,
            -85.85443713355194,
            -102.49753184186976,
            -72.87298504327212,
            -64.7634072909507,
            -34.26574802670196,
            29.429119733177572,
            44.7597315403236,
            45.909180233196935,
            29.573364681539307,
            66.78762122496879,
            64.0429317760132,
            41.753309658139365,
            49.88428425553772,
            24.585805456091826,
            -40.04986457796772,
            0
        ],
        [
            0,
            0,
            2.568672933380317,
            8.176301681843377,
            7.214403137904081,
            10.653569581850604,
            0,
            -7.243798531196677,
            -31.950487426674908,
            -54.64645210332102,
            -78.08083146892778,
            -95.62646736856351,
            -63.12384142640679,
            -54.05209748316263,
            -21.019506601809894,
            47.35775685356796,
            63.56963736967316,
            64.4825889384838,
            46.72188188038417,
            85.59991020845978,
            81.92076835345189,
            57.63326708454952,
            64.3262058797291,
            35.06897323167959,
            -28.342148587489305,
            0
        ],
        [
            0,
            0.5478309363920008,
            6.909046823661244,
            14.35655022639844,
            13.852591719173258,
            18.337122808532957,
            7.243798531196677,
            0,
            -26.039702318748745,
            -49.72965422055491,
            -74.24508900148986,
            -92.56218670173494,
            -57.75622565420738,
            -47.93749097636724,
            -12.95001921437653,
            58.917679527019665,
            75.63175362924477,
            76.18703251234652,
            57.25923983522364,
            96.8550809232113,
            92.15043609551225,
            66.33316701070905,
            70.99301892118979,
            38.12705344747523,
            -13.238060847934664,
            0
        ],
        [
            0,
            8.447938727375558,
            20.90111369546577,
            32.51564761388748,
            34.60214806392843,
            41.82263983988238,
            31.950487426674908,
            26.039702318748745,
            0,
            -23.63174789213924,
            -48.50607785318544,
            -67.15760018843443,
            -30.44906738825103,
            -20.02047412278107,
            16.274392506584473,
            90.18415756270447,
            106.67528951064577,
            106.26762743736622,
            85.81190747433605,
            124.19313832323142,
            117.23934747901195,
            89.02443242401479,
            87.99396284656356,
            45.14364176858951,
            0,
            0
        ],
        [
            0,
            18.825765486016778,
            35.339160429645105,
            50.12852252589864,
            54.22770840687104,
            63.598712438510276,
            54.64645210332102,
            49.72965422055491,
            23.63174789213924,
            0,
            -25.143770768279385,
            -44.012375990972025,
            -6.110144363894375,
            4.592474659315865,
            41.38414408300893,
            115.7133419343024,
            131.26505893939617,
            129.4256956529682,
            107.38754148603446,
            142.7598144275885,
            132.71883588065973,
            101.85143014577508,
            91.71735765440721,
            25.298969738812392,
            0,
            0
        ],
        [
            7.443247114869711,
            30.15072743614775,
            50.42147288612843,
            68.2088742444924,
            74.43072510196696,
            85.85443713355194,
            78.08083146892778,
            74.24508900148986,
            48.50607785318544,
            25.143770768279385,
            0,
            -18.903832209151712,
            19.372056158031146,
            29.977952166924865,
            66.42621180488231,
            139.664314526516,
            153.69938715494894,
            150.06566435013755,
            126.33270869960471,
            157.37526883846152,
            143.47009494964473,
            109.21890576764469,
            85.52948119714559,
            0,
            0,
            0
        ],
        [
            21.898265731466854,
            39.001281485674966,
            61.91807224745069,
            81.83685359986951,
            89.62429268086119,
            102.49753184186976,
            95.62646736856351,
            92.56218670173494,
            67.15760018843443,
            44.012375990972025,
            18.903832209151712,
            0,
            38.20585187538359,
            48.54368396182187,
            84.33384486413001,
            156.02930511798735,
            168.54795279564274,
            163.24654568178474,
            138.01124120124305,
            164.81979442485783,
            147.17163180095886,
            109.34980174658183,
            68.38389780940204,
            0,
            0,
            0
        ],
        [
            22.897957668099,
            25.989005243287945,
            43.50009947229748,
            59.13206766015743,
            63.12710034876545,
            72.87298504327212,
            63.12384142640679,
            57.75622565420738,
            30.44906738825103,
            6.110144363894375,
            -19.37205615803115,
            -38.20585187538359,
            0,
            10.573541075614784,
            46.37684021746166,
            117.26406902494035,
            129.75626498952656,
            124.86943428630283,
            100.99212326740665,
            126.3125254550744,
            108.92155912984585,
            72.89805386029359,
            0,
            0,
            0,
            0
        ],
        [
            24.807376316658452,
            22.6097124145853,
            38.67115632602358,
            53.11559696098908,
            55.94375681727797,
            64.7634072909507,
            54.05209748316263,
            47.93749097636724,
            20.02047412278107,
            -4.592474659315865,
            -29.977952166924872,
            -48.54368396182187,
            -10.573541075614784,
            0,
            35.231813839394704,
            104.18343654527584,
            115.6739573656575,
            110.08026131187042,
            86.35157887726753,
            107.47919208849491,
            87.26990250665474,
            48.22287402049718,
            0,
            0,
            0,
            0
        ],
        [
            19.61189356149855,
            7.696600688927074,
            18.73989150051472,
            29.10864185151338,
            28.389418476966288,
            34.26574802670196,
            21.019506601809894,
            12.95001921437653,
            -16.274392506584473,
            -41.384144083008934,
            -66.42621180488231,
            -84.33384486413001,
            -46.37684021746166,
            -35.231813839394704,
            0,
            67.41038579437658,
            78.99370865788553,
            74.2598181986682,
            52.976198717537045,
            71.29656508333656,
            50.29223644265679,
            0,
            0,
            0,
            0,
            0
        ],
        [
            3.6554196828538403,
            -24.837051068849398,
            -23.980135132523664,
            -21.856535786546672,
            -29.536495933442723,
            -29.429119733177572,
            -47.35775685356796,
            -58.917679527019665,
            -90.18415756270447,
            -115.7133419343024,
            -139.664314526516,
            -156.02930511798735,
            -117.26406902494035,
            -104.18343654527584,
            -67.41038579437658,
            0,
            14.329029476359187,
            14.101446168066886,
            0.5514467152736583,
            21.11233986023226,
            5.803307506512657,
            0,
            0,
            0,
            0,
            0
        ],
        [
            -0.5570883826280719,
            -33.15323030232638,
            -34.593645058023554,
            -34.35135263704253,
            -43.605830735764734,
            -44.7597315403236,
            -63.56963736967316,
            -75.63175362924477,
            -106.67528951064577,
            -131.26505893939617,
            -153.69938715494897,
            -168.54795279564274,
            -129.75626498952656,
            -115.6739573656575,
            -78.99370865788553,
            -14.329029476359187,
            0,
            1.0573045791791866,
            -8.037255262676302,
            5.661766108822914,
            0,
            0,
            0,
            0,
            0,
            0
        ],
        [
            -0.9927752108486932,
            -34.07315552372253,
            -35.61971546544621,
            -35.47323918468624,
            -44.756938160421676,
            -45.909180233196935,
            -64.4825889384838,
            -76.18703251234652,
            -106.26762743736622,
            -129.4256956529682,
            -150.06566435013755,
            -163.24654568178474,
            -124.86943428630283,
            -110.08026131187042,
            -74.2598181986682,
            -14.101446168066886,
            -1.0573045791791866,
            0,
            -4.213613736310084,
            0,
            0,
            0,
            0,
            0,
            0,
            0
        ],
        [
            3.659987540071557,
            -25.57876314184988,
            -24.55585909365052,
            -22.35446400341458,
            -29.85310358942779,
            -29.573364681539307,
            -46.721881880384174,
            -57.25923983522364,
            -85.81190747433607,
            -107.38754148603446,
            -126.33270869960471,
            -138.01124120124305,
            -100.99212326740665,
            -86.35157887726753,
            -52.976198717537045,
            -0.5514467152736583,
            8.037255262676302,
            4.213613736310084,
            0,
            0,
            0,
            0,
            0,
            0,
            0,
            0
        ],
        [
            -7.498565060893387,
            -45.41435147925119,
            -50.449542204081354,
            -53.00075334639233,
            -64.16005506987014,
            -66.78762122496879,
            -85.59991020845979,
            -96.8550809232113,
            -124.19313832323145,
            -142.7598144275885,
            -157.37526883846152,
            -164.81979442485783,
            -126.3125254550744,
            -107.47919208849491,
            -71.29656508333656,
            -21.11233986023226,
            -5.661766108822914,
            0,
            0,
            0,
            0,
            0,
            0,
            0,
            0,
            0
        ],
        [
            -6.824277112633987,
            -43.82288451290584,
            -48.72082776092861,
            -51.06692444462334,
            -61.772646929431986,
            -64.0429317760132,
            -81.9207683534519,
            -92.15043609551225,
            -117.23934747901195,
            -132.71883588065973,
            -143.4700949496447,
            -147.17163180095886,
            -108.92155912984585,
            -87.26990250665474,
            -50.29223644265679,
            -5.803307506512635,
            0,
            0,
            0,
            0,
            0,
            0,
            0,
            0,
            0,
            0
        ],
        [
            -0.7841513450633874,
            -31.540229747362012,
            -33.209848017854014,
            -32.949193119178496,
            -41.25294215727758,
            -41.753309658139365,
            -57.63326708454952,
            -66.33316701070905,
            -89.0244324240148,
            -101.85143014577505,
            -109.21890576764464,
            -109.34980174658183,
            -72.8980538602936,
            -48.22287402049719,
            0,
            0,
            0,
            0,
            0,
            0,
            0,
            0,
            0,
            0,
            0,
            0
        ],
        [
            -3.0245027461821725,
            -34.83399342271205,
            -38.919115029483095,
            -40.224473933272726,
            -48.98630017658728,
            -49.88428425553772,
            -64.3262058797291,
            -70.9930189211898,
            -87.99396284656356,
            -91.71735765440721,
            -85.52948119714554,
            -68.38389780940207,
            0,
            0,
            0,
            0,
            0,
            0,
            0,
            0,
            0,
            0,
            0,
            0,
            0,
            0
        ],
        [
            0,
            -19.065925388684633,
            -20.682791054375503,
            -19.704067599924997,
            -25.433667553712667,
            -24.585805456091826,
            -35.06897323167959,
            -38.12705344747523,
            -45.143641768589504,
            -25.298969738812445,
            0,
            0,
            0,
            0,
            0,
            0,
            0,
            0,
            0,
            0,
            0,
            0,
            0,
            0,
            0,
            0
        ],
        [
            0,
            10.333088509748894,
            26.649075343958216,
            37.56211130796102,
            38.703584949857905,
            40.04986457796772,
            28.342148587489287,
            13.238060847934658,
            0,
            0,
            0,
            0,
            0,
            0,
            0,
            0,
            0,
            0,
            0,
            0,
            0,
            0,
            0,
            0,
            0,
            0
        ],
        [
            0,
            0,
            0,
            0,
            0,
            0,
            0,
            0,
            0,
            0,
            0,
            0,
            0,
            0,
            0,
            0,
            0,
            0,
            0,
            0,
            0,
            0,
            0,
            0,
            0,
            0
        ]
    ],
    "imag(M)": [
        [
            0,
            0,
            0,
            0,
            0,
            0,
            0,
            0,
            0,
            0,
            -4.163033589607195,
            -11.892051230623492,
            -27.475325039897726,
            -30.258980814836935,
            -38.087134729586026,
            -31.85410184801983,
            -27.921529962525476,
            -27.62429435027838,
            -22.313448507917204,
            -21.734122440182993,
            -16.532418597122653,
            -14.590155110111777,
            -5.537379156091917,
            0,
            0,
            0
        ],
        [
            0,
            0,
            0,
            0,
            0,
            0,
            0,
            0.3608153364426536,
            -0.7563122523526151,
            -5.707132688629084,
            -8.110379842260269,
            -11.441590578214582,
            -40.12075857781756,
            -37.45172261722176,
            -47.56974471563516,
            -31.778282692619218,
            -22.489417477088256,
            -21.04161427422524,
            -11.437651357320044,
            -11.158955361257716,
            -3.167751946716713,
            -1.9976962903374664,
            11.32926576114504,
            0.23556519494298084,
            7.2017960344501715,
            0
        ],
        [
            0,
            0,
            0,
            0,
            0,
            0.64735496718739,
            8.575556934533042,
            14.239618076932603,
            14.542513892702566,
            9.369908122905203,
            7.634287202141161,
            3.9832601376777017,
            -34.09627160559777,
            -29.288591670298118,
            -41.78524674452668,
            -20.273068521875476,
            -7.75741498894916,
            -5.744707364312013,
            6.663893002098613,
            6.7642457469808335,
            16.72363273211341,
            17.642268653201413,
            34.1260073469884,
            16.615390244236988,
            26.897763636624315,
            0
        ],
        [
            0,
            0,
            0,
            0,
            -0.37583703440702787,
            -0.11820531654802054,
            9.472444129759076,
            14.573396353243204,
            13.087422772144205,
            5.4311006943250515,
            2.777433342655067,
            -1.9322617213608932,
            -48.20041404690205,
            -42.285743419410665,
            -57.156118087768675,
            -31.363552020831,
            -16.43621141660097,
            -14.014643812066675,
            0.7268642672366402,
            0.9291939431008723,
            12.828181160210494,
            14.116804867054492,
            34.132031601461065,
            14.461922415799913,
            29.912251982931966,
            0
        ],
        [
            0,
            0,
            0,
            0.37583703440702787,
            0,
            0.8960373961281447,
            13.340228209062188,
            19.18951297144039,
            17.11192499213942,
            8.031958052245411,
            4.974044208810654,
            -0.4236611242545235,
            -53.393040594697624,
            -46.40973588688394,
            -63.148244352655524,
            -33.69181930400348,
            -16.710375917617743,
            -13.94034638864314,
            2.6744816419259476,
            2.8721129503915095,
            16.171885666806176,
            17.53302248839232,
            39.70964920023677,
            17.467780677023363,
            33.962533571074665,
            0
        ],
        [
            0,
            0,
            -0.64735496718739,
            0.11820531654802054,
            -0.8960373961281447,
            0,
            14.420780464729459,
            20.66577698959731,
            17.882598728652795,
            7.407455133159651,
            3.888795717445701,
            -2.1575497369789476,
            -60.84765151268436,
            -52.97828857100601,
            -71.27840175724195,
            -38.74401283137933,
            -20.04155499623244,
            -16.9544407363164,
            1.2078236735843053,
            1.4444471997164023,
            15.871741908712915,
            17.326068321193883,
            41.02512940055116,
            17.11793566022098,
            32.9389808161251,
            0
        ],
        [
            0,
            0,
            -8.575556934533042,
            -9.472444129759076,
            -13.340228209062188,
            -14.420780464729459,
            0,
            5.189811564619893,
            0.6388154247660721,
            -11.962614868040932,
            -16.415192891234465,
            -23.28781703756491,
            -86.9562748880312,
            -78.45022413849118,
            -98.04207097331913,
            -62.93374950823599,
            -42.710259103254415,
            -39.138342321202984,
            -19.463058889613215,
            -18.76049000020037,
            -2.985477152107136,
            -0.793189741111407,
            24.98959895796549,
            2.819227812619457,
            19.887513537494165,
            0
        ],
        [
            0,
            -0.3608153364426536,
            -14.239618076932603,
            -14.573396353243204,
            -19.18951297144039,
            -20.66577698959731,
            -5.189811564619893,
            0,
            -5.299666961194498,
            -19.071890379316653,
            -23.92274111731659,
            -31.258628766788934,
            -98.7361701689623,
            -89.51582421794997,
            -109.92097045033584,
            -72.6813873119492,
            -51.219533648533556,
            -47.22347681316369,
            -26.485063886794585,
            -25.472073364514188,
            -8.950402573670202,
            -6.413975671989654,
            19.801181580129995,
            -1.2566938821217752,
            9.261037227060045,
            0
        ],
        [
            0,
            0.7563122523526151,
            -14.542513892702607,
            -13.087422772144233,
            -17.11192499213942,
            -17.882598728652795,
            -0.6388154247660721,
            5.299666961194498,
            0,
            -14.226735040438754,
            -19.10613364023608,
            -26.64658365768868,
            -96.82181217212155,
            -86.91155982772166,
            -107.7239426594501,
            -68.93416487968402,
            -46.64940526540874,
            -42.40445848125155,
            -21.21489104180162,
            -20.17920854001032,
            -3.7183593188012996,
            -1.4222313489468843,
            22.977068049266716,
            1.7907086686970206,
            0,
            0
        ],
        [
            0,
            5.707132688629084,
            -9.369908122905223,
            -5.4311006943250515,
            -8.031958052245411,
            -7.407455133159651,
            11.962614868040932,
            19.071890379316653,
            14.226735040438754,
            0,
            -4.723843682389196,
            -12.323478819077526,
            -84.10868157551964,
            -73.64917573147964,
            -94.5237409793948,
            -54.93674413622299,
            -32.40043791697455,
            -28.20347861910004,
            -7.370962395210817,
            -6.7463329610058915,
            8.573427636264707,
            9.785432764810198,
            29.03892560990055,
            3.8759620560031953,
            0,
            0
        ],
        [
            4.163033589607195,
            8.110379842260269,
            -7.634287202141161,
            -2.777433342655071,
            -4.974044208810654,
            -3.888795717445701,
            16.415192891234465,
            23.92274111731659,
            19.10613364023608,
            4.723843682389196,
            0,
            -7.647323317614894,
            -79.89995881369724,
            -69.1306291797985,
            -89.73200789384757,
            -49.98653386747103,
            -27.50042491452898,
            -23.29076425772516,
            -2.9932589921643156,
            -2.5472579142608245,
            11.621967700916096,
            12.045429307006117,
            25.524731064505428,
            0,
            0,
            0
        ],
        [
            11.892051230623492,
            11.441590578214582,
            -3.9832601376777097,
            1.9322617213608932,
            0.4236611242545235,
            2.1575497369789476,
            23.28781703756491,
            31.258628766788934,
            26.64658365768868,
            12.323478819077526,
            7.647323317614894,
            0,
            -72.1704196866049,
            -61.283761802777,
            -81.60498986867323,
            -42.114731883192896,
            -19.969916743289428,
            -15.96219051845472,
            3.511519565556711,
            3.507147163047887,
            16.189746819550447,
            15.366145422777276,
            21.094275809408497,
            0,
            0,
            0
        ],
        [
            27.475325039897726,
            40.12075857781756,
            34.09627160559772,
            48.20041404690205,
            53.393040594697624,
            60.84765151268436,
            86.9562748880312,
            98.7361701689623,
            96.82181217212155,
            84.10868157551964,
            79.89995881369725,
            72.1704196866049,
            0,
            10.141060889612271,
            -10.99200031969491,
            26.283952947545824,
            45.64714001333502,
            46.47538530271127,
            61.128301230935726,
            55.80004418099542,
            60.29491727163322,
            49.14049880479579,
            0,
            0,
            0,
            0
        ],
        [
            30.258980814836946,
            37.45172261722177,
            29.288591670298167,
            42.28574341941071,
            46.40973588688394,
            52.97828857100601,
            78.45022413849118,
            89.51582421794997,
            86.91155982772166,
            73.64917573147964,
            69.13062917979852,
            61.283761802777,
            -10.141060889612271,
            0,
            -20.490462605957273,
            16.14176584665277,
            35.00445375602588,
            35.808149207007276,
            49.413118179980295,
            43.79990998842394,
            45.94675488240202,
            31.40632024860106,
            0,
            0,
            0,
            0
        ],
        [
            38.08713472958602,
            47.56974471563517,
            41.785246744526724,
            57.156118087768675,
            63.148244352655524,
            71.27840175724195,
            98.04207097331913,
            109.92097045033584,
            107.7239426594501,
            94.52374097939482,
            89.73200789384757,
            81.60498986867323,
            10.99200031969491,
            20.490462605957273,
            0,
            34.55432458537941,
            51.21490432863761,
            50.00847679464378,
            59.63942236821013,
            50.09059681751241,
            43.287601433409975,
            0,
            0,
            0,
            0,
            0
        ],
        [
            31.85410184801981,
            31.778282692619218,
            20.273068521875476,
            31.363552020831026,
            33.69181930400348,
            38.74401283137933,
            62.93374950823599,
            72.6813873119492,
            68.93416487968402,
            54.93674413622299,
            49.98653386747103,
            42.114731883192896,
            -26.283952947545824,
            -16.14176584665277,
            -34.55432458537941,
            0,
            17.329768076890748,
            18.054895884423118,
            28.328282058599914,
            21.220007202063503,
            8.307332740495335,
            0,
            0,
            0,
            0,
            0
        ],
        [
            27.921529962525476,
            22.48941747708826,
            7.757414988949169,
            16.436211416600973,
            16.710375917617743,
            20.04155499623244,
            42.710259103254415,
            51.219533648533556,
            46.64940526540874,
            32.40043791697455,
            27.500424914528985,
            19.969916743289428,
            -45.64714001333502,
            -35.00445375602588,
            -51.21490432863761,
            -17.329768076890748,
            0,
            2.1410103917010748,
            11.696106524569775,
            4.9655732370922205,
            0,
            0,
            0,
            0,
            0,
            0
        ],
        [
            27.624294350278376,
            21.041614274225214,
            5.744707364312017,
            14.014643812066675,
            13.940346388643142,
            16.9544407363164,
            39.13834232120299,
            47.22347681316369,
            42.40445848125155,
            28.20347861910004,
            23.29076425772516,
            15.96219051845472,
            -46.47538530271127,
            -35.808149207007276,
            -50.00847679464378,
            -18.054895884423118,
            -2.1410103917010748,
            0,
            4.79465148361865,
            0,
            0,
            0,
            0,
            0,
            0,
            0
        ],
        [
            22.3134485079172,
            11.437651357320046,
            -6.663893002098622,
            -0.7268642672366405,
            -2.6744816419259476,
            -1.2078236735843053,
            19.46305888961322,
            26.485063886794585,
            21.214891041801625,
            7.370962395210817,
            2.9932589921643156,
            -3.511519565556711,
            -61.128301230935726,
            -49.413118179980295,
            -59.63942236821013,
            -28.328282058599914,
            -11.696106524569775,
            -4.79465148361865,
            0,
            0,
            0,
            0,
            0,
            0,
            0,
            0
        ],
        [
            21.734122440182993,
            11.158955361257734,
            -6.764245746980838,
            -0.9291939431008727,
            -2.8721129503915104,
            -1.4444471997164023,
            18.760490000200374,
            25.472073364514188,
            20.179208540010322,
            6.7463329610058915,
            2.5472579142608245,
            -3.507147163047887,
            -55.80004418099542,
            -43.79990998842394,
            -50.09059681751241,
            -21.220007202063503,
            -4.9655732370922205,
            0,
            0,
            0,
            0,
            0,
            0,
            0,
            0,
            0
        ],
        [
            16.532418597122646,
            3.167751946716714,
            -16.72363273211342,
            -12.828181160210502,
            -16.171885666806176,
            -15.871741908712915,
            2.9854771521071366,
            8.950402573670202,
            3.7183593188012996,
            -8.573427636264707,
            -11.621967700916095,
            -16.189746819550447,
            -60.29491727163322,
            -45.94675488240202,
            -43.287601433409975,
            -8.307332740495303,
            0,
            0,
            0,
            0,
            0,
            0,
            0,
            0,
            0,
            0
        ],
        [
            14.590155110111796,
            1.9976962903374669,
            -17.642268653201402,
            -14.1168048670545,
            -17.53302248839232,
            -17.326068321193883,
            0.793189741111407,
            6.413975671989654,
            1.4222313489468847,
            -9.785432764810196,
            -12.045429307006113,
            -15.366145422777276,
            -49.1404988047958,
            -31.406320248601066,
            0,
            0,
            0,
            0,
            0,
            0,
            0,
            0,
            0,
            0,
            0,
            0
        ],
        [
            5.537379156091923,
            -11.329265761145027,
            -34.12600734698843,
            -34.13203160146108,
            -39.70964920023678,
            -41.02512940055116,
            -24.98959895796549,
            -19.801181580130002,
            -22.977068049266713,
            -29.03892560990055,
            -25.524731064505414,
            -21.094275809408504,
            0,
            0,
            0,
            0,
            0,
            0,
            0,
            0,
            0,
            0,
            0,
            0,
            0,
            0
        ],
        [
            0,
            -0.2355651949429802,
            -16.615390244237005,
            -14.461922415799917,
            -17.46778067702336,
            -17.11793566022098,
            -2.819227812619457,
            1.2566938821217752,
            -1.7907086686970204,
            -3.8759620560032038,
            0,
            0,
            0,
            0,
            0,
            0,
            0,
            0,
            0,
            0,
            0,
            0,
            0,
            0,
            0,
            0
        ],
        [
            0,
            -7.2017960344501875,
            -26.89776363662428,
            -29.91225198293194,
            -33.962533571074644,
            -32.9389808161251,
            -19.88751353749415,
            -9.261037227060042,
            0,
            0,
            0,
            0,
            0,
            0,
            0,
            0,
            0,
            0,
            0,
            0,
            0,
            0,
            0,
            0,
            0,
            0
        ],
        [
            0,
            0,
            0,
            0,
            0,
            0,
            0,
            0,
            0,
            0,
            0,
            0,
            0,
            0,
            0,
            0,
            0,
            0,
            0,
            0,
            0,
            0,
            0,
            0,
            0,
            0
        ]
    ],
    "abs_M": [
        [
            0,
            0,
            0,
            0,
            0,
            0,
            0,
            0,
            0,
            0,
            8.52835132257191,
            24.918967163943798,
            35.76604467114144,
            39.12814638682717,
            42.83989030071373,
            32.0631548292088,
            27.9270869034754,
            27.642128010883997,
            22.61162296494773,
            22.99131479966548,
            17.885514328095436,
            14.611212114985037,
            6.309531264680817,
            0,
            0,
            0
        ],
        [
            0,
            0,
            0,
            0,
            0,
            0,
            0,
            0.6559774705585258,
            8.48172606045199,
            19.671827816959947,
            31.22250191952295,
            40.6449252980534,
            47.802757895284344,
            43.74734989079421,
            48.188362438201736,
            40.33284463918526,
            40.06133519914001,
            40.046591098482594,
            28.019510924326692,
            46.76521789787256,
            43.937226351095596,
            31.60343150648055,
            36.630033585299955,
            19.067380572274725,
            12.595180994020147,
            0
        ],
        [
            0,
            0,
            0,
            0,
            0,
            0.7958394875571779,
            8.951997395894303,
            15.827243947966723,
            25.462546299029707,
            36.5602439557489,
            50.99614955162164,
            62.04606379267681,
            55.27037535156129,
            48.510616710377995,
            45.79509121021641,
            31.4013405488803,
            35.452753993325935,
            36.07999158177461,
            25.444010803539527,
            50.900995364795484,
            51.51115364140745,
            37.60510136405295,
            51.76178022561474,
            26.530153387555835,
            37.86374130140434,
            0
        ],
        [
            0,
            0,
            0,
            0,
            1.020450998022201,
            0.8147838199587395,
            12.513157354717555,
            20.45713605742073,
            35.05064870394471,
            50.42187645636986,
            68.26539871467725,
